DAY,AMOUNT
1,71081
2,34
3,0
4,0
5,335
6,153
7,0
8,0
9,0
10,0
11,0
12,1208
13,0
14,0
15,0
16,0
17,36
18,0
19,0
20,0
21,828
22,0
23,0
24,0
25,0
26,12
27,78
28,123
29,0
30,0
31,0
32,44795
33,0
34,2
35,229
36,0
37,0
38,0
39,62
40,0
41,81
42,32
43,31826
44,10
45,10
46,0
47,0
48,0
49,22
50,0
51,0
52,0
53,0
54,0
55,0
56,0
57,0
58,0
59,67
60,0
61,0
62,0
63,0
64,0
65,0
66,0
67,0
68,0
69,0
70,0
71,0
72,0
73,0
74,0
75,0
76,0
77,0
78,0
79,0
80,0
81,0
82,0
83,0
84,0
85,0
86,0
87,0
88,0
89,0
90,0
91,16
92,0
93,0
94,0
95,0
96,32414
97,13
98,2
99,0
100,0
101,37
102,0
103,0
104,38
105,0
106,14
107,0
108,0
109,0
110,0
111,0
112,0
113,0
114,0
115,0
116,0
117,0
118,0
119,0
120,0
121,0
122,0
123,0
124,0
125,0
126,0
127,0
128,0
129,0
130,0
131,0
132,1214
133,0
134,0
135,0
136,0
137,0
138,0
139,0
140,6
141,0
142,2432
143,0
144,166
145,31782
146,0
147,0
148,0
149,0
150,0
151,0
152,0
153,0
154,0
155,0
156,24
157,0
158,0
159,0
160,0
161,0
162,0
163,0
164,0
165,0
166,0
167,0
168,0
169,0
170,0
171,0
172,90
173,0
174,0
175,0
176,0
177,0
178,0
179,0
180,0
181,0
182,0
183,174
184,863
185,97
186,0
187,0
188,0
189,0
190,0
191,0
192,0
193,0
194,0
195,0
196,0
197,0
198,0
199,0
200,0
201,0
202,0
203,0
204,0
205,0
206,0
207,0
208,4
209,324
210,0
211,311
212,54
213,0
214,3009
215,178
216,0
217,0
218,0
219,0
220,0
221,0
222,0
223,0
224,0
225,0
226,0
227,0
228,1101
229,0
230,0
231,0
232,0
233,1170
234,0
235,0
236,0
237,0
238,0
239,0
240,0
241,0
242,0
243,0
244,0
245,2223
246,0
247,0
248,0
249,0
250,0
251,0
252,0
253,0
254,0
255,0
256,0
257,0
258,0
259,0
260,0
261,0
262,0
263,0
264,0
265,0
266,0
267,0
268,0
269,0
270,0
271,0
272,0
273,0
274,0
275,0
276,0
277,0
278,0
279,0
280,0
281,0
282,0
283,0
284,0
285,0
286,0
287,0
288,0
289,0
290,0
291,0
292,0
293,0
294,0
295,0
296,0
297,0
298,0
299,0
300,0
301,0
302,0
303,0
304,0
305,0
306,0
307,0
308,0
309,0
310,0
311,0
312,0
313,0
314,51
315,20
316,0
317,0
318,118
319,97
320,0
321,0
322,0
323,0
324,0
325,0
326,0
327,0
328,0
329,0
330,0
331,0
332,0
333,0
334,0
335,0
336,0
337,0
338,0
339,0
340,0
341,0
342,0
343,0
344,0
345,0
346,0
347,0
348,0
349,0
350,0
351,0
352,0
353,0
354,90
355,0
356,0
357,0
358,0
359,0
360,0
361,0
362,0
363,0
364,0
365,0
366,0
367,150
368,106
369,0
370,0
371,33
372,16
373,31
374,0
375,0
376,0
377,0
378,0
379,0
380,0
381,0
382,0
383,0
384,0
385,0
386,0
387,0
388,0
389,0
390,0
391,0
392,0
393,0
394,0
395,0
396,0
397,0
398,0
399,0
400,0
401,0
402,0
403,0
404,0
405,0
406,0
407,0
408,514
409,0
410,1092
411,0
412,0
413,0
414,0
415,0
416,0
417,167
418,0
419,0
420,0
421,0
422,0
423,6
424,0
425,0
426,0
427,0
428,0
429,0
430,0
431,0
432,0
433,0
434,0
435,0
436,0
437,0
438,0
439,0
440,0
441,0
442,0
443,0
444,0
445,0
446,0
447,0
448,0
449,0
450,0
451,0
452,0
453,558
454,167
455,0
456,142
457,122
458,0
459,0
460,0
461,0
462,8
463,298
464,0
465,19
466,0
467,0
468,4
469,0
470,0
471,0
472,0
473,0
474,0
475,0
476,0
477,0
478,0
479,0
480,0
481,0
482,17
483,2
484,0
485,0
486,0
487,0
488,1476
489,292
490,105
491,0
492,0
493,0
494,0
495,0
496,0
497,0
498,0
499,0
500,0
501,0
502,0
503,0
504,0
505,0
506,120
507,0
508,0
509,0
510,0
511,5
512,0
513,0
514,0
515,0
516,0
517,0
518,0
519,0
520,0
521,1153
522,0
523,0
524,0
525,0
526,0
527,0
528,694
529,0
530,0
531,0
532,0
533,0
534,0
535,0
536,0
537,0
538,0
539,0
540,0
541,0
542,0
543,0
544,0
545,0
546,0
547,0
548,0
549,0
550,0
551,0
552,0
553,0
554,0
555,0
556,6
557,8
558,0
559,0
560,0
561,0
562,0
563,0
564,0
565,0
566,0
567,0
568,0
569,0
570,0
571,0
572,0
573,0
574,0
575,0
576,0
577,0
578,0
579,0
580,0
581,0
582,0
583,0
584,0
585,0
586,0
587,0
588,0
589,0
590,0
591,0
592,0
593,0
594,0
595,0
596,0
597,0
598,241
599,0
600,0
601,0
602,0
603,0
604,0
605,272
606,0
607,621
608,0
609,0
610,0
611,0
612,0
613,0
614,0
615,0
616,0
617,0
618,131
619,179
620,0
621,0
622,0
623,11
624,0
625,0
626,0
627,0
628,0
629,0
630,0
631,383
632,0
633,0
634,0
635,0
636,0
637,0
638,0
639,0
640,0
641,0
642,0
643,0
644,0
645,0
646,0
647,0
648,0
649,0
650,0
651,0
652,0
653,0
654,0
655,0
656,0
657,0
658,0
659,0
660,0
661,0
662,0
663,0
664,0
665,332
666,0
667,317
668,0
669,0
670,0
671,0
672,1059
673,0
674,0
675,0
676,0
677,0
678,0
679,0
680,0
681,0
682,24
683,0
684,3
685,0
686,0
687,0
688,0
689,0
690,0
691,7
692,0
693,25
694,1533
695,0
696,0
697,0
698,0
699,0
700,7
701,178
702,0
703,0
704,0
705,0
706,0
707,0
708,0
709,0
710,0
711,0
712,17
713,11724
714,0
715,0
716,0
717,0
718,0
719,0
720,0
721,0
722,0
723,0
724,0
725,0
726,0
727,0
728,0
729,0
730,0
731,0
732,0
733,0
734,0
735,0
736,0
737,0
738,0
739,0
740,0
741,0
742,0
743,0
744,0
745,0
746,0
747,0
748,0
749,0
750,0
751,0
752,0
753,0
754,0
755,0
756,0
757,0
758,0
759,0
760,5
761,0
762,32742
763,0
764,0
765,0
766,0
767,0
768,0
769,0
770,0
771,0
772,0
773,337
774,166
775,0
776,0
777,1216
778,0
779,513
780,0
781,0
782,0
783,0
784,0
785,0
786,0
787,0
788,0
789,9
790,0
791,0
792,0
793,0
794,0
795,0
796,0
797,0
798,0
799,0
800,0
801,0
802,5
803,0
804,0
805,0
806,0
807,0
808,0
809,0
810,0
811,0
812,0
813,0
814,0
815,0
816,0
817,0
818,0
819,33
820,0
821,0
822,0
823,0
824,0
825,0
826,0
827,0
828,0
829,0
830,0
831,0
832,0
833,0
834,0
835,0
836,0
837,0
838,0
839,0
840,0
841,0
842,24
843,0
844,0
845,0
846,0
847,0
848,56
849,0
850,0
851,0
852,0
853,0
854,0
855,0
856,0
857,0
858,0
859,0
860,0
861,0
862,0
863,0
864,0
865,0
866,0
867,0
868,0
869,0
870,0
871,0
872,0
873,0
874,0
875,0
876,0
877,0
878,177
879,0
880,129
881,152
882,465
883,0
884,0
885,7
886,0
887,0
888,0
889,0
890,0
891,0
892,0
893,0
894,0
895,0
896,0
897,0
898,0
899,0
900,0
901,0
902,0
903,0
904,0
905,0
906,189
907,0
908,0
909,0
910,65
911,0
912,0
913,63
914,0
915,0
916,0
917,0
918,0
919,0
920,0
921,0
922,0
923,0
924,92
925,0
926,0
927,54
928,0
929,0
930,0
931,0
932,0
933,0
934,382
935,0
936,0
937,0
938,0
939,0
940,0
941,0
942,0
943,0
944,0
945,0
946,0
947,9
948,0
949,0
950,0
951,0
952,0
953,0
954,0
955,0
956,226
957,0
958,0
959,0
960,0
961,0
962,0
963,0
964,0
965,0
966,0
967,0
968,321
969,214
970,0
971,0
972,0
973,0
974,0
975,0
976,0
977,0
978,0
979,0
980,0
981,0
982,0
983,0
984,0
985,0
986,0
987,299
988,53
989,0
990,6
991,0
992,0
993,0
994,0
995,0
996,0
997,0
998,0
999,0
1000,0
1001,0
1002,0
1003,0
1004,0
1005,0
1006,0
1007,0
1008,0
1009,0
1010,0
1011,0
1012,0
1013,0
1014,0
1015,0
1016,0
1017,0
1018,0
1019,0
1020,0
1021,0
1022,0
1023,0
1024,0
1025,0
1026,0
1027,0
1028,0
1029,0
1030,0
1031,0
1032,0
1033,65
1034,0
1035,0
1036,0
1037,0
1038,0
1039,0
1040,0
1041,0
1042,0
1043,60
1044,0
1045,0
1046,0
1047,0
1048,0
1049,2
1050,0
1051,0
1052,0
1053,0
1054,17
1055,7
1056,0
1057,0
1058,0
1059,0
1060,0
1061,0
1062,0
1063,0
1064,0
1065,0
1066,0
1067,0
1068,0
1069,9
1070,0
1071,3033
1072,0
1073,0
1074,0
1075,0
1076,0
1077,0
1078,0
1079,0
1080,0
1081,0
1082,0
1083,0
1084,0
1085,0
1086,0
1087,0
1088,231
1089,11
1090,0
1091,0
1092,0
1093,0
1094,16
1095,5
1096,0
1097,0
1098,0
1099,0
1100,0
1101,0
1102,0
1103,0
1104,0
1105,0
1106,0
1107,0
1108,0
1109,0
1110,152
1111,59
1112,0
1113,2
1114,0
1115,3659
1116,0
1117,0
1118,6
1119,5
1120,25
1121,3
1122,0
1123,0
1124,0
1125,0
1126,0
1127,0
1128,0
1129,0
1130,0
1131,0
1132,0
1133,0
1134,0
1135,0
1136,0
1137,0
1138,0
1139,14
1140,0
1141,0
1142,0
1143,0
1144,941
1145,0
1146,39
1147,3
1148,0
1149,0
1150,0
1151,0
1152,0
1153,0
1154,0
1155,0
1156,0
1157,0
1158,21
1159,120
1160,0
1161,0
1162,0
1163,0
1164,0
1165,119
1166,0
1167,9
1168,0
1169,0
1170,0
1171,0
1172,44
1173,21
1174,0
1175,71
1176,0
1177,0
1178,0
1179,0
1180,0
1181,0
1182,0
1183,0
1184,0
1185,0
1186,0
1187,0
1188,0
1189,0
1190,262
1191,0
1192,0
1193,0
1194,0
1195,0
1196,0
1197,0
1198,0
1199,0
1200,0
1201,0
1202,0
1203,0
1204,0
1205,0
1206,0
1207,0
1208,3
1209,0
1210,0
1211,0
1212,0
1213,0
1214,0
1215,0
1216,0
1217,68
1218,0
1219,0
1220,0
1221,0
1222,0
1223,0
1224,0
1225,0
1226,0
1227,0
1228,0
1229,0
1230,0
1231,0
1232,20
1233,0
1234,0
1235,0
1236,0
1237,0
1238,0
1239,0
1240,0
1241,0
1242,0
1243,0
1244,0
1245,0
1246,0
1247,0
1248,0
1249,0
1250,51
1251,0
1252,0
1253,0
1254,0
1255,0
1256,0
1257,0
1258,0
1259,0
1260,0
1261,0
1262,4
1263,188
1264,0
1265,0
1266,0
1267,0
1268,0
1269,0
1270,0
1271,0
1272,0
1273,0
1274,0
1275,0
1276,0
1277,18
1278,0
1279,0
1280,0
1281,0
1282,0
1283,0
1284,0
1285,0
1286,0
1287,8
1288,0
1289,0
1290,0
1291,7
1292,0
1293,0
1294,0
1295,0
1296,18
1297,4
1298,0
1299,0
1300,2
1301,0
1302,0
1303,0
1304,0
1305,0
1306,313
1307,0
1308,6
1309,1097
1310,0
1311,0
1312,0
1313,0
1314,0
1315,0
1316,0
1317,0
1318,0
1319,0
1320,0
1321,0
1322,0
1323,0
1324,0
1325,0
1326,0
1327,0
1328,0
1329,0
1330,0
1331,4805
1332,0
1333,0
1334,0
1335,0
1336,0
1337,0
1338,0
1339,3
1340,0
1341,102
1342,0
1343,0
1344,0
1345,0
1346,0
1347,0
1348,0
1349,0
1350,0
1351,0
1352,0
1353,175
1354,13
1355,0
1356,0
1357,58
1358,0
1359,0
1360,0
1361,0
1362,0
1363,0
1364,0
1365,0
1366,0
1367,0
1368,0
1369,71
1370,0
1371,0
1372,0
1373,0
1374,0
1375,156
1376,341874
1377,29296
1378,2
1379,0
1380,0
1381,0
1382,0
1383,1370
1384,0
1385,0
1386,0
1387,0
1388,0
1389,419
1390,0
1391,16
1392,16
1393,1039
1394,31
1395,0
1396,34
1397,0
1398,0
1399,0
1400,212
1401,83
1402,208
1403,0
1404,0
1405,118
1406,162
1407,318
1408,3
1409,49
1410,171
1411,66
1412,4
1413,0
1414,0
1415,0
1416,0
1417,7490
1418,561
1419,559
1420,689
1421,14
1422,0
1423,0
1424,0
1425,0
1426,0
1427,56
1428,0
1429,0
1430,0
1431,71
1432,0
1433,0
1434,0
1435,0
1436,3
1437,4
1438,0
1439,0
1440,11968
1441,0
1442,46
1443,0
1444,0
1445,0
1446,0
1447,0
1448,0
1449,2
1450,0
1451,0
1452,0
1453,6
1454,0
1455,0
1456,0
1457,0
1458,0
1459,0
1460,0
1461,0
1462,0
1463,0
1464,0
1465,0
1466,0
1467,0
1468,0
1469,0
1470,0
1471,0
1472,0
1473,0
1474,0
1475,0
1476,0
1477,0
1478,0
1479,0
1480,0
1481,2
1482,0
1483,0
1484,0
1485,0
1486,0
1487,0
1488,0
1489,0
1490,0
1491,0
1492,1455
1493,64
1494,6
1495,0
1496,0
1497,0
1498,0
1499,0
1500,0
1501,0
1502,0
1503,0
1504,0
1505,0
1506,0
1507,0
1508,0
1509,0
1510,0
1511,0
1512,0
1513,0
1514,0
1515,0
1516,0
1517,0
1518,0
1519,0
1520,16812
1521,0
1522,6
1523,0
1524,0
1525,0
1526,0
1527,0
1528,0
1529,0
1530,486
1531,0
1532,0
1533,0
1534,0
1535,0
1536,173
1537,37
1538,0
1539,0
1540,0
1541,0
1542,0
1543,0
1544,0
1545,0
1546,0
1547,0
1548,0
1549,0
1550,0
1551,205
1552,0
1553,0
1554,0
1555,0
1556,0
1557,0
1558,0
1559,0
1560,0
1561,0
1562,0
1563,0
1564,0
1565,0
1566,0
1567,0
1568,0
1569,0
1570,0
1571,0
1572,0
1573,0
1574,0
1575,0
1576,0
1577,18
1578,0
1579,0
1580,0
1581,0
1582,30
1583,17
1584,64
1585,2
1586,0
1587,0
1588,551
1589,3
1590,0
1591,0
1592,2
1593,0
1594,0
1595,0
1596,0
1597,0
1598,911
1599,35
1600,6
1601,0
1602,0
1603,0
1604,0
1605,0
1606,0
1607,0
1608,0
1609,0
1610,0
1611,331
1612,0
1613,0
1614,0
1615,0
1616,0
1617,0
1618,13
1619,5
1620,0
1621,0
1622,0
1623,0
1624,0
1625,0
1626,0
1627,0
1628,0
1629,0
1630,33
1631,0
1632,0
1633,0
1634,0
1635,0
1636,0
1637,0
1638,0
1639,0
1640,0
1641,0
1642,2
1643,0
1644,53
1645,80
1646,0
1647,0
1648,0
1649,0
1650,0
1651,0
1652,0
1653,0
1654,0
1655,0
1656,0
1657,146
1658,0
1659,0
1660,0
1661,0
1662,0
1663,0
1664,0
1665,0
1666,0
1667,0
1668,65
1669,0
1670,0
1671,0
1672,0
1673,0
1674,0
1675,0
1676,0
1677,21
1678,0
1679,0
1680,0
1681,0
1682,0
1683,0
1684,0
1685,0
1686,0
1687,0
1688,0
1689,0
1690,0
1691,0
1692,0
1693,0
1694,0
1695,0
1696,0
1697,0
1698,0
1699,0
1700,0
1701,22886
1702,0
1703,0
1704,0
1705,0
1706,0
1707,0
1708,0
1709,0
1710,0
1711,0
1712,0
1713,0
1714,0
1715,0
1716,0
1717,0
1718,2092
1719,39
1720,359
1721,0
1722,0
1723,0
1724,0
1725,0
1726,81
1727,0
1728,0
1729,0
1730,0
1731,0
1732,0
1733,0
1734,0
1735,8
1736,0
1737,0
1738,0
1739,84
1740,0
1741,0
1742,0
1743,0
1744,0
1745,0
1746,0
1747,0
1748,0
1749,0
1750,0
1751,0
1752,0
1753,70
1754,0
1755,0
1756,0
1757,0
1758,0
1759,0
1760,0
1761,0
1762,0
1763,0
1764,0
1765,0
1766,0
1767,0
1768,0
1769,0
1770,0
1771,0
1772,0
1773,0
1774,0
1775,525
1776,59
1777,0
1778,0
1779,0
1780,0
1781,30
1782,29
1783,0
1784,0
1785,0
1786,0
1787,0
1788,0
1789,0
1790,0
1791,0
1792,0
1793,0
1794,0
1795,0
1796,387
1797,0
1798,1391
1799,392
1800,0
1801,0
1802,0
1803,58
1804,1443
1805,435
1806,0
1807,0
1808,682
1809,424
1810,0
1811,0
1812,95
1813,71
1814,153
1815,19
1816,0
1817,384
1818,0
1819,2
1820,35
1821,0
1822,0
1823,0
1824,0
1825,0
1826,0
1827,0
1828,0
1829,0
1830,48
1831,0
1832,2
1833,11
1834,0
1835,0
1836,0
1837,67
1838,0
1839,0
1840,2
1841,0
1842,26
1843,0
1844,0
1845,0
1846,0
1847,0
1848,0
1849,45
1850,343
1851,0
1852,0
1853,0
1854,0
1855,5917
1856,0
1857,8890
1858,0
1859,0
1860,4
1861,25
1862,0
1863,0
1864,56
1865,98
1866,0
1867,88
1868,0
1869,0
1870,0
1871,0
1872,2
1873,0
1874,0
1875,0
1876,0
1877,8
1878,0
1879,0
1880,485
1881,0
1882,0
1883,0
1884,0
1885,0
1886,0
1887,0
1888,436
1889,0
1890,0
1891,139
1892,0
1893,0
1894,0
1895,0
1896,0
1897,0
1898,0
1899,0
1900,80
1901,0
1902,49
1903,99
1904,1780
1905,0
1906,18
1907,7471
1908,9
1909,0
1910,0
1911,24
1912,0
1913,0
1914,287
1915,180
1916,21
1917,6
1918,112
1919,0
1920,0
1921,69
1922,44
1923,966405
1924,754
1925,0
1926,0
1927,124
1928,739
1929,0
1930,0
1931,0
1932,0
1933,0
1934,0
1935,77
1936,0
1937,0
1938,0
1939,0
1940,0
1941,0
1942,54
1943,0
1944,45
1945,0
1946,203
1947,2
1948,933
1949,0
1950,0
1951,0
1952,43
1953,0
1954,0
1955,0
1956,16
1957,40
1958,0
1959,0
1960,0
1961,0
1962,0
1963,0
1964,816
1965,355
1966,0
1967,0
1968,4
1969,0
1970,265
1971,661
1972,0
1973,0
1974,0
1975,0
1976,0
1977,0
1978,0
1979,0
1980,503
1981,0
1982,0
1983,0
1984,0
1985,0
1986,0
1987,0
1988,0
1989,0
1990,37
1991,0
1992,0
1993,0
1994,0
1995,0
1996,0
1997,537
1998,175
1999,0
2000,0
2001,0
2002,0
2003,11938
2004,278
2005,0
2006,0
2007,0
2008,0
2009,0
2010,4
2011,0
2012,444
2013,0
2014,767
2015,153
2016,229
2017,73
2018,566
2019,415
2020,8
2021,0
2022,1874
2023,0
2024,0
2025,681
2026,94
2027,10
2028,97
2029,0
2030,5
2031,0
2032,0
2033,35
2034,0
2035,138
2036,0
2037,0
2038,1032
2039,0
2040,34
2041,26
2042,38
2043,0
2044,0
2045,140
2046,61
2047,6
2048,0
2049,0
2050,683
2051,0
2052,370
2053,0
2054,0
2055,43
2056,0
2057,129
2058,0
2059,0
2060,0
2061,0
2062,599
2063,472
2064,0
2065,0
2066,261
2067,0
2068,0
2069,139
2070,0
2071,0
2072,0
2073,0
2074,0
2075,29
2076,0
2077,0
2078,290
2079,0
2080,0
2081,0
2082,25
2083,13
2084,0
2085,0
2086,0
2087,145
2088,0
2089,1392
2090,0
2091,0
2092,0
2093,349
2094,0
2095,8
2096,1098
2097,0
2098,0
2099,0
2100,0
2101,0
2102,0
2103,0
2104,0
2105,0
2106,771783
2107,6098
2108,0
2109,0
2110,66
2111,0
2112,1314
2113,208
2114,11
2115,0
2116,192
2117,7944
2118,17
2119,102
2120,1511
2121,1270
2122,151
2123,123
2124,10
2125,3
2126,0
2127,2784
2128,0
2129,27
2130,0
2131,88
2132,0
2133,0
2134,0
2135,0
2136,142
2137,0
2138,0
2139,0
2140,0
2141,0
2142,0
2143,8
2144,0
2145,0
2146,323667
2147,551
2148,0
2149,5559
2150,1004
2151,0
2152,0
2153,25
2154,0
2155,0
2156,0
2157,0
2158,0
2159,0
2160,0
2161,0
2162,0
2163,0
2164,0
2165,0
2166,0
2167,0
2168,0
2169,0
2170,0
2171,0
2172,0
2173,0
2174,0
2175,366105
2176,0
2177,0
2178,2915
2179,38
2180,15
2181,1968
2182,0
2183,462
2184,327
2185,14
2186,173
2187,0
2188,0
2189,4
2190,153
2191,374
2192,11
2193,306
2194,90
2195,5
2196,89
2197,3524
2198,68282
2199,13
2200,113
2201,18
2202,0
2203,89911
2204,16863
2205,9801
2206,599
2207,5062
2208,153
2209,9
2210,3837
2211,370
2212,86
2213,0
2214,1469
2215,1367
2216,0
2217,0
2218,0
2219,0
2220,0
2221,217
2222,0
2223,0
2224,0
2225,0
2226,0
2227,0
2228,4
2229,2
2230,19
2231,0
2232,0
2233,1038
2234,131
2235,0
2236,0
2237,0
2238,10645
2239,5052
2240,2
2241,0
2242,103
2243,0
2244,65
2245,0
2246,0
2247,0
2248,0
2249,2372
2250,1603
2251,350
2252,105
2253,4886
2254,4705
2255,3329
2256,0
2257,6
2258,0
2259,71
2260,236
2261,22
2262,0
2263,0
2264,0
2265,126
2266,15350
2267,0
2268,911
2269,0
2270,2353
2271,856
2272,0
2273,2
2274,25
2275,284
2276,1880
2277,2
2278,47
2279,0
2280,2097
2281,0
2282,215
2283,0
2284,0
2285,177
2286,30
2287,40
2288,15
2289,0
2290,60
2291,106
2292,7
2293,0
2294,54
2295,3211
2296,199
2297,7
2298,0
2299,0
2300,0
2301,61
2302,0
2303,193
2304,5
2305,191
2306,147
2307,69
2308,34
2309,10
2310,0
2311,439
2312,0
2313,0
2314,0
2315,1018
2316,0
2317,324
2318,164
2319,420155
2320,1397
2321,0
2322,305
2323,0
2324,200
2325,0
2326,0
2327,0
2328,0
2329,168
2330,620
2331,253
2332,0
2333,147
2334,3
2335,0
2336,5
2337,0
2338,0
2339,0
2340,4238
2341,540
2342,0
2343,0
2344,0
2345,234
2346,0
2347,0
2348,0
2349,0
2350,278
2351,0
2352,727
2353,0
2354,2
2355,4695
2356,305
2357,46
2358,0
2359,592
2360,0
2361,4576
2362,0
2363,0
2364,438
2365,348
2366,66
2367,0
2368,0
2369,0
2370,111
2371,0
2372,0
2373,0
2374,50
2375,66
2376,0
2377,0
2378,108
2379,31
2380,36
2381,155
2382,885
2383,543
2384,874
2385,16
2386,280
2387,212
2388,862
2389,77
2390,52
2391,120
2392,46
2393,116
2394,450
2395,394
2396,66
2397,0
2398,0
2399,2
2400,1518
2401,0
2402,0
2403,238
2404,35
2405,0
2406,1201039
2407,626
2408,3
2409,4261
2410,23
2411,21
2412,44
2413,238
2414,12
2415,0
2416,65
2417,247426
2418,12
2419,61494
2420,2511
2421,41
2422,28537
2423,1385
2424,74
2425,0
2426,12828
2427,2725
2428,2331
2429,1312
2430,1047
2431,0
2432,0
2433,0
2434,250
2435,315
2436,154
2437,2582453
2438,38
2439,3274
2440,31
2441,2068
2442,10
2443,771
2444,729
2445,450
2446,0
2447,0
2448,18
2449,0
2450,26
2451,49
2452,11692
2453,0
2454,0
2455,337
2456,60
2457,152
2458,42
2459,77
2460,0
2461,2898
2462,710
2463,110
2464,100
2465,79
2466,275
2467,103
2468,97
2469,0
2470,430
2471,149
2472,26551
2473,8
2474,633
2475,94
2476,48
2477,137
2478,4017
2479,3622
2480,5232
2481,14
2482,0
2483,77
2484,4324
2485,1381
2486,7686
2487,173
2488,60
2489,128
2490,258
2491,0
2492,0
2493,0
2494,173
2495,0
2496,2
2497,184
2498,1613
2499,0
2500,0
2501,2
2502,72
2503,0
2504,0
2505,48
2506,16
2507,0
2508,21
2509,0
2510,0
2511,0
2512,0
2513,0
2514,0
2515,0
2516,0
2517,24
2518,0
2519,0
2520,0
2521,100
2522,0
2523,0
2524,0
2525,0
2526,0
2527,0
2528,0
2529,0
2530,0
2531,223
2532,0
2533,0
2534,217
2535,0
2536,0
2537,47
2538,0
2539,134
2540,2
2541,90
2542,0
2543,0
2544,0
2545,128
2546,3710
2547,121
2548,0
2549,0
2550,4
2551,0
2552,2
2553,31
2554,7
2555,0
2556,43
2557,229
2558,0
2559,0
2560,0
2561,9
2562,4
2563,97
2564,0
2565,0
2566,0
2567,0
2568,0
2569,0
2570,0
2571,98
2572,136
2573,258
2574,40
2575,192
2576,0
2577,72
2578,0
2579,0
2580,0
2581,2
2582,0
2583,11
2584,0
2585,218
2586,0
2587,0
2588,361
2589,384
2590,0
2591,0
2592,13
2593,109
2594,0
2595,2
2596,0
2597,0
2598,55
2599,16
2600,0
2601,0
2602,236
2603,145
2604,2
2605,18
2606,1175
2607,0
2608,0
2609,278
2610,13
2611,212
2612,285
2613,78
2614,34
2615,210
2616,6
2617,0
2618,62
2619,0
2620,148
2621,1088
2622,0
2623,416
2624,0
2625,255
2626,2402
2627,1061
2628,14
2629,10
2630,2276
2631,7
2632,0
2633,0
2634,16
2635,0
2636,11
2637,0
2638,0
2639,25
2640,0
2641,0
2642,0
2643,0
2644,171
2645,13
2646,0
2647,0
2648,1591
2649,0
2650,53
2651,129
2652,0
2653,15191
2654,16
2655,3587
2656,13
2657,3
2658,0
2659,165
2660,0
2661,0
2662,2191
2663,16
2664,0
2665,3152
2666,4403
2667,9319
2668,112
2669,0
2670,0
2671,394
2672,3
2673,49
2674,5471
2675,266
2676,0
2677,1213
2678,487
2679,49
2680,0
2681,0
2682,3
2683,18
2684,0
2685,6
2686,0
2687,0
2688,0
2689,0
2690,0
2691,0
2692,20
2693,24
2694,0
2695,0
2696,4
2697,0
2698,0
2699,0
2700,0
2701,0
2702,890
2703,0
2704,2
2705,0
2706,0
2707,0
2708,0
2709,42241
2710,1857
2711,2
2712,0
2713,520
2714,0
2715,29
2716,205
2717,17
2718,39
2719,22
2720,0
2721,150
2722,290
2723,147
2724,146
2725,1694
2726,0
2727,0
2728,506
2729,0
2730,171
2731,0
2732,978
2733,0
2734,0
2735,0
2736,30
2737,125
2738,0
2739,0
2740,0
2741,0
2742,0
2743,0
2744,818
2745,2
2746,0
2747,382
2748,2363
2749,348
2750,51
2751,145
2752,479
2753,0
2754,0
2755,36069
2756,12135
2757,0
2758,0
2759,0
2760,50
2761,15712
2762,15280
2763,7
2764,0
2765,0
2766,16016
2767,16356
2768,276
2769,0
2770,16369
2771,15027
2772,0
2773,16397
2774,226
2775,0
2776,0
2777,0
2778,0
2779,0
2780,3
2781,5
2782,2
2783,152
2784,2
2785,12
2786,0
2787,23
2788,0
2789,0
2790,0
2791,0
2792,8
2793,122
2794,3
2795,0
2796,0
2797,0
2798,72
2799,105
2800,2
2801,0
2802,0
2803,0
2804,0
2805,0
2806,0
2807,0
2808,15
2809,44
2810,0
2811,0
2812,1591
2813,21
2814,0
2815,1185
2816,0
2817,326
2818,0
2819,3571
2820,1043
2821,12218
2822,59
2823,10926
2824,2
2825,0
2826,38
2827,0
2828,187
2829,43
2830,5
2831,0
2832,151
2833,213
2834,0
2835,0
2836,2
2837,584
2838,0
2839,307
2840,530
2841,49
2842,181
2843,202
2844,223
2845,0
2846,0
2847,223
2848,356
2849,87
2850,326
2851,45
2852,0
2853,0
2854,29
2855,34
2856,0
2857,230
2858,256
2859,52
2860,0
2861,0
2862,195
2863,934
2864,237
2865,1624
2866,0
2867,0
2868,382
2869,61
2870,333
2871,571
2872,308
2873,144
2874,0
2875,187
2876,46
2877,142
2878,79
2879,79
2880,0
2881,0
2882,475
2883,0
2884,93323
2885,591
2886,167174
2887,0
2888,0
2889,322
2890,297
2891,0
2892,0
2893,156
2894,47
2895,40
2896,13
2897,43
2898,0
2899,4
2900,0
2901,0
2902,0
2903,70
2904,0
2905,0
2906,70
2907,0
2908,0
2909,0
2910,0
2911,0
2912,0
2913,0
2914,0
2915,0
2916,0
2917,0
2918,2
2919,3010
2920,12
2921,1671
2922,0
2923,0
2924,0
2925,0
2926,1729
2927,6
2928,16
2929,3
2930,69
2931,8
2932,205
2933,2
2934,0
2935,322
2936,0
2937,0
2938,308
2939,112
2940,5
2941,0
2942,92060
2943,0
2944,0
2945,0
2946,0
2947,0
2948,8
2949,217
2950,6
2951,10
2952,15
2953,17
2954,0
2955,5
2956,8
2957,0
2958,0
2959,35
2960,13
2961,61
2962,65
2963,0
2964,0
2965,3
2966,0
2967,0
2968,96
2969,0
2970,0
2971,99
2972,0
2973,370
2974,342
2975,4
2976,51
2977,2
2978,0
2979,0
2980,6243
2981,785
2982,10
2983,19
2984,0
2985,0
2986,0
2987,139
2988,59
2989,0
2990,26
2991,0
2992,0
2993,284
2994,5
2995,0
2996,14
2997,0
2998,236
2999,0
3000,0
3001,274
3002,38
3003,0
3004,21
3005,309
3006,1462
3007,61
3008,1682
3009,0
3010,22
3011,81
3012,46
3013,0
3014,0
3015,2
3016,73
3017,32
3018,6344
3019,35
3020,0
3021,0
3022,0
3023,19
3024,0
3025,0
3026,33
3027,345
3028,27
3029,209
3030,0
3031,26
3032,0
3033,168
3034,10
3035,0
3036,5
3037,0
3038,22
3039,54
3040,0
3041,0
3042,0
3043,2
3044,238
3045,43
3046,33
3047,16
3048,0
3049,0
3050,58
3051,13
3052,23
3053,626
3054,0
3055,0
3056,60
3057,4
3058,0
3059,16
3060,0
3061,0
3062,0
3063,0
3064,0
3065,0
3066,8
3067,150
3068,10
3069,0
3070,0
3071,0
3072,37
3073,439
3074,38
3075,0
3076,4
3077,0
3078,3
3079,11
3080,24
3081,0
3082,0
3083,0
3084,3
3085,0
3086,0
3087,0
3088,418
3089,0
3090,0
3091,0
3092,385
3093,0
3094,213
3095,285
3096,2
3097,0
3098,4
3099,38
3100,43
3101,4757
3102,442
3103,6
3104,0
3105,0
3106,0
3107,0
3108,0
3109,421
3110,0
3111,0
3112,0
3113,15
3114,25
3115,0
3116,9
3117,0
3118,18
3119,0
3120,0
3121,0
3122,0
3123,0
3124,0
3125,0
3126,10
3127,0
3128,0
3129,0
3130,61
3131,0
3132,0
3133,21
3134,15
3135,0
3136,0
3137,0
3138,0
3139,0
3140,0
3141,0
3142,795
3143,0
3144,692
3145,32
3146,0
3147,0
3148,39
3149,0
3150,0
3151,21
3152,0
3153,0
3154,0
3155,20
3156,0
3157,0
3158,44
3159,0
3160,0
3161,23
3162,0
3163,0
3164,0
3165,0
3166,0
3167,0
3168,0
3169,0
3170,0
3171,0
3172,2
3173,60
3174,16
3175,0
3176,0
3177,21
3178,0
3179,19
3180,0
3181,0
3182,0
3183,0
3184,84
3185,4
3186,0
3187,26
3188,0
3189,0
3190,0
3191,0
3192,34
3193,0
3194,39
3195,29
3196,0
3197,0
3198,0
3199,0
3200,66
3201,112
3202,0
3203,0
3204,0
3205,0
3206,0
3207,0
3208,0
3209,2
3210,0
3211,0
3212,0
3213,6
3214,0
3215,0
3216,0
3217,0
3218,0
3219,0
3220,0
3221,33
3222,0
3223,0
3224,0
3225,0
3226,0
3227,264
3228,0
3229,0
3230,0
3231,0
3232,10
3233,6
3234,35
3235,6
3236,71
3237,0
3238,61
3239,66
3240,2
3241,0
3242,0
3243,0
3244,0
3245,0
3246,0
3247,0
3248,0
3249,2
3250,84
3251,0
3252,0
3253,2
3254,2
3255,0
3256,10
3257,111
3258,0
3259,0
3260,4
3261,0
3262,3
3263,2794
3264,849
3265,43
3266,0
3267,0
3268,0
3269,19
3270,0
3271,77
3272,0
3273,0
3274,0
3275,0
3276,0
3277,0
3278,0
3279,0
3280,0
3281,7
3282,329
3283,0
3284,0
3285,32
3286,0
3287,0
3288,31
3289,0
3290,0
3291,2
3292,0
3293,0
3294,0
3295,22
3296,0
3297,0
3298,0
3299,4
3300,133
3301,0
3302,0
3303,0
3304,20
3305,81
3306,38
3307,0
3308,0
3309,0
3310,25
3311,0
3312,0
3313,2
3314,3
3315,0
3316,18
3317,0
3318,0
3319,3
3320,4
3321,0
3322,0
3323,0
3324,91
3325,0
3326,2
3327,0
3328,0
3329,0
3330,2
3331,25
3332,565
3333,71
3334,333
3335,0
3336,0
3337,0
3338,0
3339,0
3340,0
3341,0
3342,0
3343,0
3344,0
3345,10
3346,5
3347,0
3348,0
3349,0
3350,0
3351,0
3352,3
3353,0
3354,58
3355,94
3356,0
3357,0
3358,0
3359,19
3360,4
3361,0
3362,0
3363,0
3364,35
3365,0
3366,0
3367,0
3368,11103
3369,3
3370,0
3371,0
3372,0
3373,19
3374,0
3375,19
3376,17
3377,0
3378,0
3379,0
3380,140
3381,0
3382,0
3383,0
3384,0
3385,0
3386,0
3387,1073
3388,0
3389,2
3390,0
3391,0
3392,0
3393,0
3394,0
3395,120
3396,0
3397,0
3398,0
3399,0
3400,0
3401,0
3402,0
3403,0
3404,0
3405,0
3406,0
3407,39
3408,51
3409,113
3410,0
3411,0
3412,0
3413,0
3414,0
3415,0
3416,0
3417,0
3418,6
3419,0
3420,3
3421,105
3422,78
3423,241
3424,143
3425,46
3426,0
3427,0
3428,0
3429,61
3430,5261
3431,0
3432,473
3433,0
3434,20
3435,25713
3436,2
3437,0
3438,0
3439,2
3440,0
3441,0
3442,185
3443,14
3444,2
3445,0
3446,0
3447,0
3448,0
3449,173
3450,46
3451,0
3452,16
3453,0
3454,0
3455,714
3456,0
3457,3
3458,29
3459,10
3460,56
3461,0
3462,0
3463,22
3464,0
3465,0
3466,69
3467,0
3468,0
3469,0
3470,68
3471,0
3472,7
3473,0
3474,53226
3475,0
3476,0
3477,24
3478,100
3479,44
3480,0
3481,0
3482,0
3483,0
3484,2
3485,766
3486,34
3487,10
3488,138
3489,0
3490,0
3491,6
3492,616
3493,12
3494,75
3495,124
3496,0
3497,0
3498,26
3499,623
3500,318
3501,8
3502,14531
3503,0
3504,0
3505,512
3506,358
3507,336
3508,17
3509,0
3510,28
3511,0
3512,0
3513,32
3514,1007
3515,130
3516,121
3517,6
3518,0
3519,179
3520,0
3521,92
3522,0
3523,0
3524,0
3525,0
3526,0
3527,92
3528,144
3529,1607
3530,66
3531,0
3532,52
3533,2
3534,5
3535,290
3536,780
3537,0
3538,0
3539,0
3540,1669
3541,575
3542,15593
3543,2919
3544,224
3545,0
3546,0
3547,52
3548,133
3549,500
3550,109
3551,1470
3552,0
3553,0
3554,110
3555,258
3556,350
3557,562
3558,312
3559,0
3560,0
3561,141
3562,14
3563,62
3564,100
3565,563
3566,2
3567,0
3568,702
3569,0
3570,48
3571,169
3572,495
3573,0
3574,0
3575,816
3576,43
3577,175
3578,16
3579,750
3580,0
3581,0
3582,9
3583,121
3584,5232
3585,1135
3586,107
3587,0
3588,0
3589,225
3590,10
3591,13
3592,66
3593,261
3594,0
3595,0
3596,1063
3597,560
3598,415
3599,129
3600,471
3601,0
3602,0
3603,1471
3604,271
3605,447
3606,364
3607,235
3608,0
3609,0
3610,188
3611,298
3612,0
3613,4822
3614,500
3615,0
3616,0
3617,12
3618,2
3619,0
3620,0
3621,0
3622,0
3623,0
3624,0
3625,26
3626,22
3627,0
3628,139
3629,2
3630,0
3631,0
3632,0
3633,1272
3634,64292
3635,743
3636,0
3637,0
3638,8
3639,0
3640,78
3641,232
3642,0
3643,9
3644,3
3645,38
3646,0
3647,7
3648,0
3649,2325
3650,2
3651,0
3652,599
3653,4686
3654,19
3655,1965
3656,25
3657,0
3658,38
3659,62
3660,2
3661,0
3662,63
3663,5
3664,67
3665,0
3666,0
3667,230
3668,116
3669,0
3670,2
3671,0
3672,0
3673,1455
3674,16
3675,72
3676,43
3677,101
3678,0
3679,2
3680,1634
3681,65
3682,13542
3683,65
3684,359
3685,0
3686,0
3687,41
3688,42
3689,2483
3690,7
3691,391
3692,0
3693,16
3694,5
3695,32
3696,93
3697,19
3698,3
3699,24
3700,3
3701,377
3702,12
3703,0
3704,32
3705,0
3706,0
3707,0
3708,16
3709,178
3710,76
3711,65
3712,118
3713,0
3714,0
3715,99
3716,1756
3717,82
3718,145
3719,61
3720,7
3721,0
3722,3668
3723,41
3724,31
3725,38
3726,456
3727,132
3728,0
3729,5
3730,5
3731,11
3732,5
3733,1260
3734,0
3735,0
3736,6
3737,22
3738,7155
3739,294
3740,283
3741,0
3742,0
3743,683
3744,122
3745,29
3746,451
3747,90
3748,0
3749,0
3750,37
3751,122
3752,5
3753,63
3754,18
3755,0
3756,0
3757,0
3758,0
3759,0
3760,5
3761,676
3762,0
3763,0
3764,32
3765,5
3766,4
3767,3
3768,0
3769,21
3770,0
3771,45
3772,39
3773,20
3774,0
3775,0
3776,0
3777,2
3778,21
3779,1436
3780,0
3781,0
3782,0
3783,0
3784,2
3785,26
3786,5254
3787,0
3788,89
3789,11
3790,0
3791,0
3792,0
3793,0
3794,0
3795,0
3796,47
3797,0
3798,0
3799,6
3800,15
3801,0
3802,8
3803,80
3804,0
3805,0
3806,21
3807,2641
3808,415
3809,0
3810,0
3811,0
3812,0
3813,2
3814,0
3815,0
3816,21
3817,0
3818,0
3819,0
3820,0
3821,6
3822,0
3823,0
3824,0
3825,0
3826,0
3827,13
3828,0
3829,57
3830,0
3831,67
3832,0
3833,0
3834,48
3835,0
3836,0
3837,3
3838,3
3839,0
3840,0
3841,114
3842,19
3843,3
3844,12
3845,42
3846,0
3847,0
3848,5716
3849,41
3850,6164
3851,18
3852,0
3853,0
3854,0
3855,17
3856,21
3857,0
3858,14
3859,3
3860,5
3861,0
3862,0
3863,8
3864,0
3865,0
3866,5
3867,0
3868,0
3869,0
3870,0
3871,0
3872,28
3873,424
3874,0
3875,0
3876,290
3877,56
3878,121
3879,0
3880,142
3881,0
3882,0
3883,0
3884,0
3885,2
3886,3
3887,34
3888,0
3889,0
3890,0
3891,0
3892,19
3893,0
3894,0
3895,0
3896,0
3897,0
3898,0
3899,0
3900,2
3901,0
3902,0
3903,0
3904,0
3905,0
3906,0
3907,6
3908,10
3909,0
3910,0
3911,0
3912,1257
3913,9
3914,0
3915,0
3916,0
3917,0
3918,0
3919,0
3920,21
3921,0
3922,0
3923,0
3924,0
3925,0
3926,0
3927,0
3928,39
3929,0
3930,0
3931,0
3932,0
3933,0
3934,0
3935,0
3936,0
3937,0
3938,3
3939,8
3940,0
3941,0
3942,0
3943,0
3944,0
3945,0
3946,0
3947,0
3948,0
3949,0
3950,0
3951,0
3952,0
3953,0
3954,0
3955,0
3956,24
3957,0
3958,0
3959,0
3960,0
3961,17
3962,0
3963,0
3964,8
3965,0
3966,0
3967,2
3968,0
3969,0
3970,0
3971,0
3972,0
3973,2
3974,0
3975,2
3976,10
3977,7
3978,2
3979,0
3980,0
3981,3
3982,0
3983,0
3984,2
3985,16
3986,0
3987,0
3988,6038
3989,8
3990,0
3991,0
3992,129
3993,0
3994,0
3995,0
3996,90
3997,9
3998,0
3999,71
4000,0
4001,0
4002,0
4003,0
4004,0
4005,259
4006,70
4007,0
4008,0
4009,0
4010,17500
4011,3144
4012,0
4013,0
4014,0
4015,0
4016,0
4017,0
4018,0
4019,0
4020,2162
4021,13
4022,4
4023,6
4024,14
4025,34
4026,0
4027,18
4028,0
4029,0
4030,0
4031,0
4032,9
4033,2
4034,0
4035,0
4036,0
4037,24
4038,0
4039,0
4040,0
4041,0
4042,0
4043,0
4044,143
4045,14
4046,805
4047,14
4048,0
4049,0
4050,0
4051,0
4052,0
4053,0
4054,129
4055,8
4056,0
4057,0
4058,6
4059,72
4060,5007
4061,0
4062,0
4063,0
4064,0
4065,0
4066,0
4067,0
4068,0
4069,3
4070,0
4071,0
4072,0
4073,9
4074,119
4075,2
4076,2
4077,0
4078,0
4079,0
4080,0
4081,0
4082,37
4083,0
4084,0
4085,0
4086,0
4087,0
4088,0
4089,14
4090,45
4091,0
4092,0
4093,481
4094,0
4095,0
4096,41
4097,2
4098,0
4099,0
4100,0
4101,0
4102,0
4103,0
4104,0
4105,0
4106,0
4107,1315
4108,22
4109,35
4110,12
4111,190
4112,0
4113,0
4114,6
4115,0
4116,0
4117,0
4118,0
4119,0
4120,0
4121,0
4122,0
4123,0
4124,0
4125,0
4126,0
4127,0
4128,2
4129,2
4130,777
4131,298
4132,1945
4133,0
4134,0
4135,19
4136,0
4137,112
4138,0
4139,0
4140,5
4141,0
4142,0
4143,61
4144,12
4145,13
4146,0
4147,0
4148,0
4149,0
4150,0
4151,138
4152,807
4153,0
4154,0
4155,0
4156,219
4157,0
4158,0
4159,0
4160,0
4161,0
4162,0
4163,0
4164,4
4165,0
4166,15
4167,9
4168,0
4169,40
4170,154
4171,0
4172,79
4173,0
4174,0
4175,0
4176,0
4177,0
4178,0
4179,0
4180,6
4181,0
4182,0
4183,0
4184,0
4185,0
4186,103
4187,0
4188,44
4189,0
4190,0
4191,0
4192,0
4193,0
4194,0
4195,10
4196,0
4197,0
4198,81
4199,0
4200,0
4201,0
4202,2
4203,0
4204,0
4205,34
4206,0
4207,34
4208,0
4209,0
4210,0
4211,0
4212,0
4213,29
4214,57
4215,0
4216,0
4217,0
4218,0
4219,3
4220,2
4221,38
4222,21
4223,0
4224,0
4225,0
4226,67
4227,2414
4228,84
4229,4
4230,0
4231,0
4232,0
4233,2
4234,0
4235,0
4236,0
4237,0
4238,0
4239,0
4240,0
4241,0
4242,0
4243,0
4244,0
4245,0
4246,0
4247,41
4248,0
4249,0
4250,16
4251,0
4252,0
4253,0
4254,0
4255,0
4256,0
4257,0
4258,46
4259,0
4260,0
4261,0
4262,0
4263,0
4264,0
4265,0
4266,0
4267,0
4268,0
4269,0
4270,0
4271,0
4272,0
4273,0
4274,0
4275,0
4276,0
4277,0
4278,0
4279,0
4280,0
4281,0
4282,0
4283,48
4284,0
4285,33
4286,0
4287,0
4288,0
4289,14
4290,2
4291,0
4292,0
4293,0
4294,0
4295,0
4296,9
4297,2928
4298,22
4299,0
4300,0
4301,0
4302,0
4303,0
4304,0
4305,0
4306,0
4307,0
4308,0
4309,0
4310,0
4311,0
4312,0
4313,0
4314,21
4315,0
4316,0
4317,0
4318,29
4319,0
4320,3
4321,0
4322,0
4323,0
4324,0
4325,0
4326,0
4327,0
4328,0
4329,0
4330,0
4331,0
4332,0
4333,3
4334,0
4335,7
4336,0
4337,0
4338,0
4339,0
4340,0
4341,0
4342,0
4343,0
4344,0
4345,0
4346,2544
4347,6
4348,0
4349,0
4350,0
4351,0
4352,0
4353,27
4354,2
4355,11
4356,0
4357,0
4358,0
4359,0
4360,5
4361,0
4362,0
4363,0
4364,0
4365,0
4366,0
4367,0
4368,0
4369,2
4370,0
4371,0
4372,0
4373,0
4374,0
4375,0
4376,0
4377,742
4378,0
4379,0
4380,0
4381,0
4382,0
4383,0
4384,0
4385,0
4386,0
4387,21
4388,0
4389,0
4390,0
4391,0
4392,0
4393,0
4394,0
4395,0
4396,0
4397,0
4398,0
4399,0
4400,0
4401,0
4402,0
4403,0
4404,0
4405,0
4406,0
4407,0
4408,0
4409,0
4410,0
4411,0
4412,0
4413,0
4414,0
4415,0
4416,0
4417,13
4418,625
4419,0
4420,0
4421,0
4422,0
4423,0
4424,0
4425,0
4426,0
4427,0
4428,0
4429,0
4430,0
4431,0
4432,0
4433,28
4434,0
4435,0
4436,30
4437,0
4438,0
4439,0
4440,38
4441,0
4442,0
4443,0
4444,0
4445,0
4446,0
4447,0
4448,0
4449,0
4450,43
4451,0
4452,0
4453,0
4454,0
4455,0
4456,0
4457,0
4458,7
4459,0
4460,0
4461,13
4462,0
4463,0
4464,0
4465,0
4466,0
4467,0
4468,0
4469,0
4470,0
4471,0
4472,0
4473,0
4474,0
4475,0
4476,0
4477,0
4478,0
4479,0
4480,0
4481,0
4482,0
4483,0
4484,0
4485,0
4486,0
4487,0
4488,0
4489,0
4490,0
4491,0
4492,0
4493,0
4494,0
4495,0
4496,0
4497,0
4498,0
4499,0
4500,0
4501,0
4502,0
4503,0
4504,0
4505,0
4506,0
4507,0
4508,0
4509,0
4510,0
4511,0
4512,0
4513,0
4514,0
4515,0
4516,0
4517,0
4518,0
4519,0
4520,0
4521,0
4522,0
4523,0
4524,0
4525,0
4526,0
4527,0
4528,0
4529,0
4530,3
4531,0
4532,0
4533,0
4534,0
4535,0
4536,0
4537,20
4538,0
4539,0
4540,0
4541,0
4542,0
4543,0
4544,0
4545,0
4546,0
4547,0
4548,0
4549,0
4550,0
4551,0
4552,0
4553,0
4554,0
4555,0
4556,0
4557,0
4558,0
4559,0
4560,0
4561,0
4562,17
4563,0
4564,0
4565,0
4566,0
4567,0
4568,0
4569,0
4570,0
4571,0
4572,87
4573,0
4574,0
4575,0
4576,0
4577,0
4578,0
4579,0
4580,0
4581,0
4582,0
4583,0
4584,0
4585,0
4586,3
4587,0
4588,0
4589,0
4590,0
4591,0
4592,0
4593,0
4594,0
4595,0
4596,0
4597,0
4598,0
4599,0
4600,0
4601,0
4602,0
4603,0
4604,2
4605,0
4606,0
4607,0
4608,0
4609,0
4610,0
4611,0
4612,0
4613,0
4614,0
4615,0
4616,0
4617,0
4618,0
4619,0
4620,0
4621,0
4622,0
4623,0
4624,0
4625,0
4626,0
4627,0
4628,0
4629,0
4630,0
4631,0
4632,0
4633,0
4634,513
4635,0
4636,0
4637,0
4638,0
4639,0
4640,512
4641,123
4642,10
4643,0
4644,0
4645,0
4646,0
4647,0
4648,0
4649,21485
4650,0
4651,0
4652,0
4653,3940
4654,61
4655,0
4656,0
4657,0
4658,0
4659,43
4660,0
4661,0
4662,4
4663,0
4664,0
4665,0
4666,0
4667,0
4668,0
4669,0
4670,0
4671,0
4672,0
4673,0
4674,0
4675,17
4676,0
4677,0
4678,0
4679,0
4680,0
4681,0
4682,0
4683,0
4684,0
4685,0
4686,0
4687,0
4688,0
4689,0
4690,0
4691,0
4692,0
4693,0
4694,0
4695,0
4696,0
4697,0
4698,0
4699,0
4700,0
4701,0
4702,0
4703,0
4704,0
4705,0
4706,0
4707,0
4708,0
4709,0
4710,0
4711,7
4712,8
4713,4
4714,0
4715,0
4716,0
4717,0
4718,0
4719,0
4720,0
4721,0
4722,0
4723,0
4724,0
4725,0
4726,0
4727,0
4728,0
4729,0
4730,0
4731,0
4732,0
4733,0
4734,5670
4735,0
4736,0
4737,28
4738,19
4739,165
4740,0
4741,0
4742,0
4743,0
4744,0
4745,0
4746,48
4747,247
4748,0
4749,0
4750,0
4751,2
4752,167
4753,0
4754,0
4755,0
4756,0
4757,0
4758,16
4759,0
4760,0
4761,4600
4762,2
4763,0
4764,0
4765,69
4766,382
4767,0
4768,0
4769,0
4770,0
4771,0
4772,2
4773,0
4774,0
4775,0
4776,0
4777,0
4778,0
4779,0
4780,0
4781,0
4782,0
4783,2
4784,0
4785,0
4786,0
4787,0
4788,0
4789,0
4790,3
4791,0
4792,0
4793,761
4794,0
4795,0
4796,0
4797,0
4798,0
4799,0
4800,0
4801,0
4802,0
4803,0
4804,0
4805,0
4806,0
4807,0
4808,0
4809,3
4810,0
4811,0
4812,0
4813,0
4814,0
4815,0
4816,0
4817,0
4818,0
4819,2
4820,0
4821,64
4822,0
4823,0
4824,12
4825,0
4826,0
4827,0
4828,0
4829,3
4830,305
4831,2
4832,196
4833,0
4834,0
4835,0
4836,0
4837,7
4838,0
4839,3202
4840,0
4841,0
4842,0
4843,24
4844,0
4845,0
4846,0
4847,0
4848,0
4849,0
4850,0
4851,441
4852,13
4853,0
4854,0
4855,0
4856,0
4857,10
4858,0
4859,0
4860,0
4861,0
4862,0
4863,0
4864,0
4865,7
4866,0
4867,0
4868,0
4869,0
4870,0
4871,0
4872,0
4873,0
4874,0
4875,0
4876,0
4877,0
4878,0
4879,27
4880,7
4881,0
4882,0
4883,0
4884,0
4885,0
4886,0
4887,0
4888,0
4889,0
4890,0
4891,14
4892,0
4893,0
4894,0
4895,5
4896,2
4897,0
4898,4
4899,0
4900,821
4901,9
4902,0
4903,0
4904,0
4905,0
4906,0
4907,0
4908,0
4909,0
4910,0
4911,0
4912,3
4913,0
4914,0
4915,0
4916,0
4917,0
4918,0
4919,0
4920,0
4921,0
4922,7
4923,32
4924,0
4925,0
4926,0
4927,0
4928,0
4929,0
4930,0
4931,0
4932,0
4933,0
4934,0
4935,0
4936,0
4937,0
4938,0
4939,0
4940,0
4941,0
4942,7
4943,66
4944,0
4945,0
4946,0
4947,6
4948,3
4949,0
4950,0
4951,1039
4952,0
4953,0
4954,40
4955,0
4956,0
4957,0
4958,0
4959,0
4960,0
4961,5
4962,360
4963,3
4964,0
4965,126
4966,0
4967,0
4968,0
4969,14
4970,0
4971,0
4972,0
4973,0
4974,0
4975,0
4976,3
4977,0
4978,0
4979,4
4980,0
4981,0
4982,0
4983,0
4984,0
4985,7
4986,0
4987,0
4988,0
4989,0
4990,0
4991,0
4992,0
4993,0
4994,0
4995,0
4996,0
4997,0
4998,0
4999,0
5000,0
5001,0
5002,0
5003,4
5004,0
5005,0
5006,0
5007,0
5008,0
5009,0
5010,0
5011,0
5012,0
5013,0
5014,0
5015,0
5016,0
5017,0
5018,0
5019,0
5020,0
5021,0
5022,0
5023,0
5024,0
5025,0
5026,0
5027,0
5028,0
5029,0
5030,0
5031,0
5032,0
5033,0
5034,0
5035,0
5036,0
5037,0
5038,0
5039,0
5040,0
5041,0
5042,0
5043,0
5044,121
5045,0
5046,0
5047,18
5048,0
5049,0
5050,0
5051,0
5052,0
5053,0
5054,0
5055,0
5056,431
5057,41
5058,0
5059,0
5060,7
5061,853
5062,11
5063,42
5064,0
5065,178
5066,0
5067,0
5068,0
5069,151
5070,146
5071,0
5072,0
5073,0
5074,4
5075,0
5076,1215
5077,6
5078,0
5079,0
5080,5
5081,9
5082,0
5083,0
5084,0
5085,0
5086,0
5087,0
5088,0
5089,0
5090,0
5091,193
5092,0
5093,0
5094,0
5095,0
5096,0
5097,0
5098,0
5099,0
5100,0
5101,13
5102,0
5103,0
5104,10
5105,0
5106,0
5107,0
5108,0
5109,58
5110,193
5111,69
5112,44
5113,0
5114,0
5115,0
5116,9
5117,0
5118,0
5119,0
5120,0
5121,0
5122,0
5123,0
5124,0
5125,0
5126,0
5127,0
5128,0
5129,0
5130,7
5131,3
5132,0
5133,1098
5134,0
5135,0
5136,4
5137,32
5138,12
5139,5
5140,0
5141,0
5142,0
5143,0
5144,0
5145,0
5146,0
5147,8
5148,0
5149,0
5150,7
5151,2
5152,0
5153,0
5154,0
5155,0
5156,0
5157,0
5158,0
5159,0
5160,0
5161,7
5162,0
5163,0
5164,0
5165,0
5166,26
5167,0
5168,0
5169,0
5170,0
5171,0
5172,0
5173,0
5174,0
5175,0
5176,0
5177,0
5178,0
5179,114
5180,0
5181,0
5182,0
5183,0
5184,0
5185,0
5186,0
5187,0
5188,0
5189,0
5190,0
5191,0
5192,7
5193,0
5194,0
5195,0
5196,0
5197,0
5198,0
5199,0
5200,0
5201,0
5202,0
5203,0
5204,0
5205,0
5206,0
5207,0
5208,0
5209,0
5210,0
5211,0
5212,0
5213,2
5214,0
5215,0
5216,0
5217,0
5218,0
5219,0
5220,8
5221,0
5222,0
5223,0
5224,0
5225,0
5226,0
5227,0
5228,0
5229,0
5230,0
5231,0
5232,0
5233,0
5234,3
5235,0
5236,0
5237,0
5238,0
5239,0
5240,0
5241,0
5242,0
5243,0
5244,0
5245,0
5246,0
5247,0
5248,0
5249,0
5250,56
5251,0
5252,0
5253,0
5254,0
5255,0
5256,0
5257,0
5258,0
5259,0
5260,0
5261,0
5262,93
5263,14
5264,23
5265,16
5266,0
5267,0
5268,0
5269,0
5270,0
5271,9
5272,0
5273,31
5274,0
5275,0
5276,2
5277,0
5278,18
5279,10
5280,11
5281,0
5282,0
5283,0
5284,12
5285,37
5286,23
5287,5
5288,0
5289,0
5290,0
5291,0
5292,204
5293,0
5294,0
5295,0
5296,0
5297,0
5298,0
5299,0
5300,0
5301,0
5302,0
5303,0
5304,0
5305,0
5306,0
5307,0
5308,20
5309,0
5310,0
5311,0
5312,0
5313,0
5314,0
5315,18
5316,18
5317,0
5318,0
5319,0
5320,0
5321,0
5322,0
5323,0
5324,0
5325,105
5326,121
5327,65
5328,0
5329,0
5330,0
5331,0
5332,0
5333,0
5334,0
5335,0
5336,0
5337,0
5338,0
5339,0
5340,0
5341,0
5342,0
5343,0
5344,0
5345,0
5346,0
5347,0
5348,0
5349,0
5350,0
5351,0
5352,0
5353,0
5354,0
5355,0
5356,0
5357,0
5358,0
5359,0
5360,21
5361,0
5362,0
5363,0
5364,0
5365,0
5366,0
5367,0
5368,0
5369,0
5370,0
5371,0
5372,0
5373,0
5374,214
5375,235
5376,0
5377,7
5378,0
5379,0
5380,0
5381,0
5382,0
5383,3
5384,0
5385,0
5386,0
5387,0
5388,9
5389,0
5390,0
5391,0
5392,0
5393,0
5394,0
5395,0
5396,0
5397,4
5398,0
5399,0
5400,0
5401,0
5402,0
5403,0
5404,0
5405,6
5406,46
5407,0
5408,0
5409,682
5410,0
5411,0
5412,0
5413,0
5414,0
5415,0
5416,0
5417,0
5418,5
5419,0
5420,0
5421,0
5422,0
5423,24
5424,0
5425,0
5426,0
5427,0
5428,0
5429,0
5430,0
5431,0
5432,0
5433,0
5434,0
5435,0
5436,0
5437,3
5438,0
5439,0
5440,0
5441,0
5442,0
5443,0
5444,0
5445,0
5446,0
5447,46
5448,0
5449,0
5450,0
5451,0
5452,0
5453,0
5454,0
5455,0
5456,0
5457,0
5458,0
5459,0
5460,0
5461,0
5462,0
5463,0
5464,0
5465,0
5466,0
5467,0
5468,0
5469,0
5470,0
5471,0
5472,3
5473,0
5474,0
5475,0
5476,0
5477,0
5478,0
5479,0
5480,0
5481,0
5482,0
5483,0
5484,0
5485,0
5486,0
5487,0
5488,0
5489,0
5490,0
5491,0
5492,0
5493,34
5494,0
5495,0
5496,6
5497,0
5498,0
5499,0
5500,0
5501,0
5502,0
5503,0
5504,0
5505,0
5506,0
5507,0
5508,0
5509,0
5510,0
5511,0
5512,0
5513,0
5514,0
5515,0
5516,0
5517,0
5518,0
5519,0
5520,0
5521,0
5522,0
5523,0
5524,0
5525,2
5526,0
5527,0
5528,0
5529,0
5530,0
5531,0
5532,0
5533,0
5534,0
5535,0
5536,0
5537,0
5538,0
5539,0
5540,0
5541,0
5542,0
5543,0
5544,0
5545,0
5546,0
5547,0
5548,0
5549,0
5550,0
5551,12
5552,0
5553,0
5554,0
5555,0
5556,0
5557,0
5558,0
5559,0
5560,0
5561,0
5562,0
5563,0
5564,0
5565,0
5566,0
5567,0
5568,0
5569,0
5570,0
5571,0
5572,0
5573,0
5574,0
5575,0
5576,0
5577,0
5578,0
5579,0
5580,6
5581,0
5582,0
5583,0
5584,0
5585,0
5586,0
5587,0
5588,0
5589,0
5590,0
5591,0
5592,7
5593,0
5594,0
5595,0
5596,0
5597,0
5598,0
5599,0
5600,0
5601,0
5602,0
5603,0
5604,0
5605,0
5606,0
5607,0
5608,0
5609,0
5610,0
5611,0
5612,0
5613,0
5614,0
5615,0
5616,0
5617,0
5618,0
5619,0
5620,0
5621,0
5622,0
5623,0
5624,0
5625,0
5626,0
5627,0
5628,0
5629,0
5630,0
5631,0
5632,11
5633,0
5634,2
5635,7
5636,0
5637,3
5638,0
5639,0
5640,0
5641,0
5642,0
5643,0
5644,0
5645,0
5646,0
5647,0
5648,0
5649,0
5650,0
5651,0
5652,0
5653,0
5654,0
5655,0
5656,0
5657,0
5658,0
5659,0
5660,0
5661,0
5662,0
5663,0
5664,0
5665,0
5666,0
5667,0
5668,0
5669,0
5670,0
5671,0
5672,0
5673,0
5674,0
5675,0
5676,8
5677,0
5678,0
5679,0
5680,0
5681,0
5682,0
5683,0
5684,0
5685,0
5686,0
5687,0
5688,0
5689,0
5690,0
5691,0
5692,0
5693,0
5694,0
5695,0
5696,0
5697,0
5698,0
5699,0
5700,0
5701,0
5702,0
5703,0
5704,0
5705,0
5706,11359
5707,10
5708,0
5709,0
5710,3
5711,0
5712,0
5713,0
5714,0
5715,0
5716,0
5717,0
5718,0
5719,0
5720,0
5721,0
5722,0
5723,4
5724,0
5725,0
5726,0
5727,0
5728,0
5729,0
5730,0
5731,0
5732,0
5733,0
5734,37
5735,6
5736,0
5737,0
5738,55
5739,6474
5740,32
5741,0
5742,11
5743,29
5744,0
5745,0
5746,0
5747,9
5748,0
5749,0
5750,0
5751,0
5752,0
5753,0
5754,0
5755,9
5756,0
5757,0
5758,0
5759,0
5760,0
5761,0
5762,0
5763,0
5764,0
5765,0
5766,0
5767,0
