DAY,AMOUNT
1,781704
2,2792406
3,1412
4,0
5,10015
6,0
7,13
8,0
9,60
10,3
11,212
12,0
13,1919
14,11
15,36
16,176
17,1524
18,0
19,14
20,14
21,4371
22,636
23,1088
24,0
25,344
26,65
27,30
28,0
29,1521
30,0
31,10
32,3
33,10855
34,5
35,0
36,1089
37,2587
38,104
39,0
40,1773
41,0
42,2100
43,50171
44,1420
45,1795
46,4088
47,0
48,1559
49,2
50,350
51,32
52,1763
53,0
54,524
55,0
56,788
57,0
58,0
59,2
60,62
61,0
62,0
63,14
64,130
65,7
66,0
67,0
68,0
69,0
70,745
71,0
72,2952
73,20
74,2
75,9
76,0
77,439
78,3
79,39
80,8
81,4
82,37
83,9
84,0
85,0
86,12
87,17
88,0
89,170
90,0
91,70
92,338
93,7
94,14
95,10289
96,8
97,0
98,0
99,0
100,53
101,0
102,42
103,0
104,30
105,0
106,16
107,41
108,0
109,0
110,162
111,0
112,5
113,0
114,0
115,0
116,0
117,0
118,0
119,0
120,0
121,0
122,0
123,0
124,0
125,0
126,0
127,0
128,12
129,594
130,0
131,0
132,2
133,0
134,0
135,0
136,3069
137,103
138,0
139,0
140,38
141,3
142,0
143,36
144,2
145,648
146,0
147,10
148,0
149,0
150,1363
151,0
152,0
153,0
154,0
155,0
156,0
157,71
158,1782
159,0
160,82
161,13
162,0
163,103
164,263
165,26
166,96
167,7
168,108
169,0
170,0
171,0
172,0
173,0
174,0
175,143
176,39
177,5
178,2016
179,2245
180,558
181,3
182,10798
183,1489
184,3568
185,0
186,24
187,0
188,256
189,144
190,52
191,68
192,1517
193,2318
194,0
195,11
196,192
197,6
198,6
199,4
200,110
201,138
202,274
203,288
204,21
205,228
206,0
207,47
208,5544
209,0
210,1228
211,0
212,0
213,0
214,125
215,0
216,34
217,165
218,1020
219,3653
220,75
221,0
222,1705
223,28
224,50
225,42
226,0
227,15
228,8
229,36
230,47
231,53
232,1074
233,4136
234,211
235,4071
236,2
237,0
238,95
239,5900
240,42
241,8
242,0
243,177
244,19
245,2
246,3
247,2
248,188
249,56
250,0
251,0
252,404
253,1318
254,50773
255,0
256,95
257,0
258,106
259,77
260,24
261,0
262,0
263,5
264,0
265,0
266,0
267,710
268,8
269,4256
270,0
271,0
272,7
273,4
274,0
275,5
276,0
277,0
278,4101
279,19851
280,2
281,0
282,0
283,160
284,10
285,2
286,0
287,2389
288,18
289,2
290,592
291,2
292,0
293,0
294,396
295,0
296,0
297,0
298,34
299,6
300,0
301,32
302,0
303,0
304,0
305,0
306,3383
307,0
308,0
309,4
310,72
311,223
312,12
313,0
314,12
315,3
316,0
317,96
318,0
319,6
320,0
321,0
322,0
323,37
324,1353
325,0
326,0
327,35
328,19
329,0
330,0
331,0
332,39
333,0
334,0
335,0
336,147
337,0
338,0
339,0
340,0
341,0
342,6
343,0
344,9
345,275
346,0
347,0
348,0
349,49
350,5
351,0
352,369
353,0
354,3
355,52
356,0
357,0
358,0
359,0
360,99
361,0
362,0
363,0
364,0
365,0
366,147
367,0
368,2148
369,0
370,2620
371,0
372,180
373,6
374,62
375,7
376,34
377,22
378,22
379,1894
380,0
381,113
382,0
383,1835
384,12
385,0
386,108
387,389
388,82
389,24
390,0
391,6
392,0
393,372
394,11465
395,149
396,15
397,127
398,87
399,25221
400,24
401,84
402,30
403,3181
404,26
405,0
406,0
407,33
408,59
409,6
410,36
411,0
412,0
413,92
414,654
415,15
416,12
417,4
418,0
419,0
420,0
421,0
422,30
423,0
424,103
425,1660
426,0
427,41
428,1393
429,133
430,3842
431,2311
432,13675
433,2
434,82
435,15449
436,15445
437,47
438,203
439,75
440,0
441,0
442,0
443,0
444,0
445,2624
446,1240
447,0
448,1237
449,0
450,15
451,58
452,0
453,0
454,34
455,0
456,105
457,76
458,9677
459,70
460,3481
461,53
462,1876
463,4
464,0
465,19
466,17
467,125
468,0
469,0
470,0
471,0
472,0
473,0
474,0
475,0
476,0
477,0
478,0
479,0
480,2
481,0
482,0
483,0
484,0
485,82
486,2
487,0
488,1265
489,7
490,0
491,8
492,0
493,0
494,0
495,434
496,14
497,0
498,90
499,0
500,0
501,0
502,0
503,0
504,49
505,0
506,64
507,156
508,0
509,34
510,0
511,122
512,0
513,0
514,2
515,0
516,5815
517,0
518,0
519,0
520,0
521,0
522,7
523,0
524,0
525,0
526,19403
527,0
528,0
529,0
530,9870
531,3
532,0
533,0
534,0
535,40
536,0
537,0
538,0
539,0
540,2
541,0
542,0
543,0
544,0
545,0
546,0
547,0
548,5
549,0
550,0
551,0
552,0
553,189
554,0
555,0
556,38
557,0
558,0
559,0
560,0
561,0
562,0
563,0
564,0
565,0
566,0
567,0
568,0
569,0
570,0
571,3
572,7
573,0
574,9
575,0
576,5399
577,0
578,0
579,0
580,0
581,3
582,6
583,104
584,6
585,0
586,0
587,0
588,0
589,0
590,1792
591,0
592,0
593,0
594,0
595,0
596,0
597,1460
598,0
599,0
600,0
601,0
602,2
603,1459
604,0
605,0
606,0
607,7
608,0
609,1468
610,0
611,0
612,0
613,2
614,0
615,12
616,2
617,0
618,0
619,0
620,0
621,0
622,0
623,45
624,0
625,14
626,9
627,16
628,12
629,12
630,76
631,0
632,0
633,7
634,0
635,0
636,11502
637,6
638,0
639,0
640,0
641,1618
642,366
643,0
644,30
645,358
646,14
647,0
648,48
649,0
650,34
651,0
652,0
653,1600
654,0
655,0
656,0
657,6
658,0
659,0
660,0
661,0
662,11
663,80
664,0
665,78
666,2
667,56
668,0
669,0
670,0
671,10
672,409
673,23
674,18
675,1635
676,793
677,0
678,3161
679,3399
680,2
681,11
682,0
683,0
684,12464
685,0
686,6
687,0
688,0
689,7
690,636
691,0
692,0
693,5
694,4
695,3110
696,0
697,253
698,0
699,12
700,4
701,0
702,0
703,0
704,2206
705,0
706,5
707,0
708,0
709,0
710,0
711,2
712,0
713,0
714,0
715,0
716,0
717,0
718,0
719,34
720,0
721,0
722,0
723,0
724,5286
725,0
726,11
727,0
728,58164
729,2408
730,0
731,3050
732,1762
733,4
734,3781
735,3
736,952
737,0
738,0
739,13
740,3524
741,14
742,0
743,0
744,100
745,7
746,0
747,86
748,2159
749,3
750,10
751,26
752,94
753,1384
754,359
755,20
756,0
757,0
758,24
759,0
760,0
761,4
762,245
763,0
764,0
765,72690
766,2869
767,0
768,29
769,49
770,3599
771,3024
772,0
773,0
774,0
775,0
776,0
777,0
778,0
779,0
780,0
781,0
782,6
783,0
784,7
785,0
786,5864
787,42
788,279
789,4485
790,0
791,6
792,0
793,95
794,0
795,0
796,4
797,96
798,39
799,0
800,0
801,0
802,11174
803,0
804,4190
805,29
806,3580
807,5799
808,2758
809,1984
810,0
811,0
812,0
813,0
814,0
815,11900
816,9689
817,0
818,2
819,0
820,0
821,14
822,0
823,6
824,0
825,0
826,632
827,2185
828,155
829,4415
830,3
831,10
832,168
833,42
834,39
835,30
836,0
837,0
838,0
839,30
840,3
841,0
842,0
843,0
844,0
845,0
846,44
847,2
848,14
849,932
850,0
851,0
852,0
853,69
854,0
855,111
856,0
857,0
858,0
859,48
860,345
861,426
862,9
863,0
864,0
865,0
866,0
867,0
868,0
869,0
870,3043
871,8
872,0
873,6
874,0
875,2739
876,843
877,2591
878,5
879,2552
880,2104
881,0
882,676
883,153
884,6
885,191
886,0
887,0
888,0
889,0
890,5
891,0
892,0
893,2
894,11491
895,12
896,0
897,0
898,0
899,0
900,0
901,11
902,2
903,146
904,6
905,150
906,252
907,260
908,21
909,141
910,20
911,0
912,967
913,0
914,49
915,65
916,11
917,0
918,19
919,11715
920,0
921,1613
922,25
923,150
924,0
925,13
926,2598
927,0
928,11
929,6
930,106
931,826
932,0
933,0
934,2736
935,0
936,0
937,0
938,13
939,0
940,0
941,5760
942,6301
943,0
944,0
945,4
946,1017
947,0
948,1967
949,0
950,45
951,3
952,0
953,874
954,0
955,0
956,0
957,18
958,0
959,0
960,0
961,0
962,0
963,0
964,0
965,0
966,0
967,0
968,0
969,0
970,0
971,0
972,0
973,0
974,0
975,0
976,3952
977,0
978,0
979,0
980,0
981,0
982,0
983,0
984,0
985,0
986,0
987,0
988,39
989,0
990,0
991,13918
992,11
993,30
994,0
995,1393
996,8
997,6
998,0
999,83
1000,15
1001,32
1002,0
1003,0
1004,0
1005,3
1006,0
1007,0
1008,0
1009,0
1010,202
1011,0
1012,0
1013,6
1014,47
1015,0
1016,493
1017,192
1018,3
1019,0
1020,0
1021,0
1022,0
1023,320
1024,2
1025,0
1026,0
1027,1733
1028,2
1029,0
1030,0
1031,0
1032,0
1033,0
1034,0
1035,0
1036,0
1037,0
1038,0
1039,7
1040,2
1041,1449
1042,0
1043,638
1044,0
1045,668
1046,61
1047,13
1048,0
1049,0
1050,0
1051,1268
1052,0
1053,0
1054,0
1055,0
1056,0
1057,0
1058,0
1059,0
1060,466
1061,13591
1062,620
1063,0
1064,40
1065,1303
1066,3862
1067,3642
1068,22
1069,0
1070,0
1071,3
1072,187
1073,0
1074,1117
1075,1419
1076,2
1077,14
1078,11428
1079,65
1080,45
1081,33
1082,31
1083,0
1084,20
1085,3290
1086,2107
1087,521
1088,2380
1089,1272
1090,1109
1091,1126
1092,64
1093,0
1094,0
1095,0
1096,31
1097,993
1098,0
1099,0
1100,0
1101,0
1102,13
1103,0
1104,4404
1105,24
1106,0
1107,0
1108,0
1109,0
1110,0
1111,0
1112,0
1113,0
1114,0
1115,1292
1116,0
1117,0
1118,0
1119,36
1120,48
1121,0
1122,1021
1123,0
1124,0
1125,1025
1126,287
1127,77
1128,2035
1129,33
1130,0
1131,0
1132,36751
1133,48
1134,37
1135,0
1136,3903
1137,0
1138,0
1139,0
1140,0
1141,68
1142,3
1143,85
1144,0
1145,0
1146,0
1147,0
1148,0
1149,0
1150,8
1151,44
1152,0
1153,0
1154,0
1155,0
1156,0
1157,7
1158,0
1159,0
1160,0
1161,0
1162,0
1163,0
1164,0
1165,0
1166,0
1167,0
1168,0
1169,0
1170,3
1171,363
1172,62
1173,0
1174,0
1175,0
1176,0
1177,0
1178,0
1179,0
1180,2
1181,0
1182,0
1183,0
1184,1352
1185,0
1186,0
1187,5
1188,0
1189,0
1190,0
1191,0
1192,2
1193,0
1194,4
1195,0
1196,0
1197,1112
1198,1509
1199,1513
1200,1554
1201,0
1202,1527
1203,0
1204,0
1205,38
1206,32
1207,56
1208,4
1209,0
1210,0
1211,0
1212,72
1213,104
1214,0
1215,1628
1216,25
1217,4
1218,0
1219,21
1220,0
1221,0
1222,27
1223,0
1224,0
1225,656
1226,0
1227,4260
1228,0
1229,0
1230,101
1231,0
1232,0
1233,0
1234,0
1235,1515
1236,0
1237,0
1238,0
1239,0
1240,0
1241,0
1242,1461
1243,1805
1244,3429
1245,59
1246,7
1247,4800
1248,0
1249,0
1250,4
1251,1524
1252,2
1253,1692
1254,217
1255,16
1256,0
1257,0
1258,0
1259,0
1260,4
1261,0
1262,0
1263,0
1264,18
1265,6
1266,0
1267,0
1268,0
1269,0
1270,0
1271,0
1272,0
1273,35
1274,0
1275,0
1276,0
1277,0
1278,0
1279,55
1280,14
1281,16
1282,0
1283,0
1284,3806
1285,62
1286,54
1287,0
1288,0
1289,17
1290,110
1291,6
1292,0
1293,0
1294,5
1295,17
1296,0
1297,0
1298,0
1299,0
1300,0
1301,0
1302,0
1303,0
1304,138
1305,0
1306,4
1307,0
1308,13
1309,194
1310,447
1311,680
1312,25
1313,139
1314,7090
1315,1801
1316,56
1317,7623
1318,0
1319,0
1320,0
1321,10
1322,0
1323,0
1324,5
1325,2
1326,7174
1327,0
1328,0
1329,16
1330,0
1331,2
1332,0
1333,128
1334,0
1335,44
1336,1651
1337,3
1338,47
1339,1482
1340,337
1341,478
1342,19
1343,72
1344,11
1345,0
1346,10
1347,18
1348,2795
1349,3911
1350,42
1351,22
1352,2
1353,54
1354,54
1355,455
1356,7
1357,0
1358,37
1359,5330
1360,0
1361,2
1362,7233
1363,3
1364,0
1365,35
1366,0
1367,0
1368,0
1369,2543
1370,3826
1371,425596
1372,14181
1373,6
1374,174702
1375,12
1376,165
1377,1984
1378,45278
1379,71615
1380,74790
1381,67529
1382,0
1383,12426
1384,40806
1385,42235
1386,40813
1387,255
1388,0
1389,95
1390,611
1391,123685
1392,83747
1393,0
1394,2
1395,0
1396,504
1397,33
1398,63203
1399,82
1400,0
1401,0
1402,0
1403,24
1404,4
1405,1287
1406,58
1407,4222
1408,0
1409,0
1410,3
1411,0
1412,68
1413,2
1414,12
1415,0
1416,0
1417,0
1418,0
1419,3
1420,78
1421,9
1422,5
1423,28
1424,18
1425,27
1426,24
1427,25
1428,7
1429,0
1430,0
1431,11
1432,0
1433,0
1434,0
1435,0
1436,0
1437,7
1438,74
1439,86
1440,0
1441,0
1442,3548
1443,0
1444,0
1445,0
1446,10
1447,20
1448,46
1449,13
1450,0
1451,0
1452,238
1453,108
1454,0
1455,3205
1456,40
1457,7
1458,3
1459,0
1460,0
1461,0
1462,0
1463,0
1464,0
1465,7
1466,0
1467,0
1468,3837
1469,0
1470,0
1471,3
1472,0
1473,0
1474,9
1475,0
1476,0
1477,0
1478,0
1479,0
1480,0
1481,0
1482,1739
1483,0
1484,0
1485,0
1486,0
1487,2350
1488,0
1489,62
1490,0
1491,0
1492,10
1493,0
1494,0
1495,0
1496,0
1497,0
1498,0
1499,0
1500,0
1501,0
1502,0
1503,0
1504,0
1505,0
1506,0
1507,0
1508,16
1509,0
1510,0
1511,4
1512,0
1513,0
1514,0
1515,0
1516,0
1517,150
1518,0
1519,0
1520,4
1521,0
1522,0
1523,5371
1524,0
1525,0
1526,0
1527,29
1528,5578
1529,0
1530,0
1531,0
1532,0
1533,0
1534,0
1535,0
1536,3
1537,0
1538,0
1539,0
1540,0
1541,0
1542,0
1543,0
1544,0
1545,0
1546,12
1547,0
1548,0
1549,0
1550,0
1551,0
1552,0
1553,0
1554,0
1555,0
1556,0
1557,0
1558,0
1559,0
1560,8
1561,0
1562,0
1563,0
1564,0
1565,0
1566,0
1567,0
1568,0
1569,0
1570,0
1571,0
1572,0
1573,8
1574,0
1575,2181
1576,2
1577,0
1578,0
1579,402
1580,0
1581,0
1582,1042
1583,78
1584,16202
1585,435
1586,927
1587,1422
1588,626
1589,0
1590,21
1591,94
1592,6
1593,6491
1594,0
1595,3
1596,383
1597,8
1598,14
1599,91
1600,28
1601,0
1602,129
1603,3
1604,3932
1605,0
1606,0
1607,0
1608,0
1609,36
1610,12
1611,3997
1612,17339
1613,0
1614,0
1615,32
1616,3
1617,11514
1618,7930
1619,0
1620,0
1621,0
1622,12235
1623,0
1624,0
1625,0
1626,0
1627,0
1628,0
1629,0
1630,0
1631,0
1632,30
1633,0
1634,0
1635,11
1636,0
1637,0
1638,16
1639,0
1640,0
1641,1009
1642,66
1643,0
1644,0
1645,0
1646,0
1647,0
1648,19
1649,23
1650,0
1651,0
1652,2282
1653,0
1654,0
1655,0
1656,26
1657,4036
1658,0
1659,5
1660,239
1661,0
1662,0
1663,16
1664,6
1665,6533
1666,4577
1667,78
1668,15
1669,0
1670,0
1671,5057
1672,0
1673,0
1674,0
1675,0
1676,0
1677,20
1678,68
1679,39
1680,10
1681,0
1682,802
1683,0
1684,0
1685,0
1686,208401
1687,0
1688,0
1689,3172
1690,84
1691,200
1692,0
1693,0
1694,0
1695,0
1696,0
1697,0
1698,121
1699,0
1700,0
1701,0
1702,0
1703,0
1704,0
1705,0
1706,0
1707,21
1708,0
1709,0
1710,0
1711,0
1712,3414919
1713,308
1714,14
1715,398
1716,252
1717,909
1718,3232
1719,42
1720,53
1721,4179
1722,82
1723,22
1724,136
1725,21
1726,8
1727,3
1728,3041
1729,39
1730,1529
1731,22
1732,35
1733,109
1734,49
1735,4
1736,282
1737,389
1738,15287
1739,1586
1740,580
1741,21
1742,245
1743,6
1744,33643
1745,18
1746,779
1747,7392
1748,1121
1749,12
1750,501
1751,8624
1752,393
1753,141859
1754,100
1755,0
1756,398
1757,6382
1758,43
1759,341
1760,1453
1761,100
1762,2385
1763,53
1764,201
1765,11702
1766,25
1767,8
1768,2578
1769,199
1770,123
1771,18
1772,6970
1773,88
1774,29
1775,2434
1776,0
1777,461
1778,80
1779,775
1780,103
1781,131
1782,53
1783,2979
1784,242
1785,107
1786,76
1787,103
1788,730
1789,248
1790,434
1791,30
1792,560
1793,232
1794,8
1795,120
1796,0
1797,0
1798,62
1799,5
1800,0
1801,1137
1802,107
1803,2
1804,0
1805,68
1806,782
1807,23223
1808,675
1809,186
1810,30
1811,64
1812,0
1813,295
1814,118
1815,68
1816,2175
1817,0
1818,4
1819,0
1820,0
1821,2
1822,0
1823,350
1824,10
1825,181
1826,2
1827,0
1828,40
1829,4
1830,0
1831,3
1832,0
1833,0
1834,4
1835,0
1836,0
1837,99
1838,30
1839,0
1840,0
1841,0
1842,0
1843,0
1844,0
1845,0
1846,0
1847,1835
1848,0
1849,3
1850,0
1851,0
1852,17443
1853,2421
1854,2250
1855,17767
1856,3126
1857,4584
1858,2650
1859,0
1860,4988
1861,0
1862,12196
1863,0
1864,3
1865,0
1866,12219
1867,3
1868,0
1869,0
1870,0
1871,0
1872,0
1873,0
1874,0
1875,0
1876,0
1877,0
1878,0
1879,11
1880,0
1881,0
1882,0
1883,0
1884,0
1885,0
1886,0
1887,0
1888,0
1889,0
1890,0
1891,0
1892,0
1893,0
1894,0
1895,0
1896,0
1897,0
1898,0
1899,70
1900,0
1901,140
1902,129164
1903,89
1904,326
1905,187
1906,2530
1907,102
1908,49
1909,0
1910,506
1911,19754
1912,303
1913,401
1914,10384
1915,4143
1916,321
1917,2748
1918,207
1919,143
1920,624
1921,487
1922,22
1923,56
1924,26
1925,96072
1926,0
1927,1085
1928,669
1929,120
1930,0
1931,83
1932,79
1933,120
1934,2
1935,49
1936,101
1937,24
1938,112
1939,244
1940,139
1941,204
1942,108
1943,2273
1944,58
1945,62
1946,676
1947,0
1948,229
1949,166
1950,177
1951,584
1952,220
1953,375
1954,267
1955,228
1956,14
1957,813
1958,1709
1959,722
1960,19
1961,478
1962,66
1963,56
1964,20
1965,32
1966,44
1967,50
1968,129
1969,288857
1970,6
1971,6
1972,57
1973,0
1974,30
1975,2
1976,2573
1977,13412
1978,128
1979,128
1980,0
1981,15
1982,250
1983,0
1984,8892
1985,3396
1986,0
1987,0
1988,0
1989,3
1990,3
1991,0
1992,0
1993,7
1994,0
1995,7
1996,4
1997,663
1998,1345
1999,0
2000,3466
2001,315
2002,0
2003,468
2004,2550
2005,268
2006,0
2007,259
2008,6
2009,72
2010,236
2011,24
2012,1575
2013,3671
2014,685
2015,173
2016,16226
2017,520
2018,112
2019,376
2020,219
2021,515
2022,0
2023,6
2024,616
2025,242
2026,428
2027,287
2028,4
2029,118
2030,512
2031,587
2032,488
2033,842
2034,98
2035,261
2036,149
2037,112
2038,133
2039,415
2040,963
2041,171
2042,330
2043,326
2044,517
2045,345
2046,14
2047,122
2048,7
2049,10
2050,1137
2051,45
2052,12
2053,25
2054,216700
2055,111
2056,39
2057,0
2058,0
2059,30
2060,0
2061,0
2062,0
2063,1443
2064,0
2065,15
2066,0
2067,0
2068,6301
2069,2
2070,0
2071,4
2072,0
2073,0
2074,0
2075,0
2076,0
2077,2
2078,0
2079,0
2080,0
2081,0
2082,0
2083,8
2084,0
2085,25
2086,25
2087,73
2088,0
2089,0
2090,0
2091,24
2092,0
2093,2
2094,0
2095,0
2096,0
2097,0
2098,0
2099,0
2100,0
2101,0
2102,0
2103,21
2104,0
2105,9
2106,0
2107,7
2108,0
2109,0
2110,0
2111,0
2112,0
2113,0
2114,93
2115,83
2116,3
2117,13
2118,0
2119,0
2120,0
2121,0
2122,0
2123,373
2124,0
2125,0
2126,0
2127,0
2128,0
2129,3
2130,0
2131,0
2132,0
2133,0
2134,20
2135,0
2136,0
2137,0
2138,0
2139,0
2140,0
2141,0
2142,0
2143,0
2144,0
2145,0
2146,0
2147,0
2148,0
2149,4
2150,0
2151,0
2152,0
2153,0
2154,0
2155,0
2156,0
2157,0
2158,0
2159,2148
2160,26
2161,11
2162,0
2163,0
2164,185
2165,0
2166,0
2167,0
2168,0
2169,0
2170,0
2171,0
2172,0
2173,0
2174,0
2175,0
2176,0
2177,36
2178,0
2179,0
2180,0
2181,0
2182,0
2183,0
2184,0
2185,0
2186,0
2187,0
2188,0
2189,331
2190,1012
2191,89
2192,463
2193,56
2194,140
2195,234
2196,89
2197,35
2198,10
2199,0
2200,190
2201,156
2202,324
2203,0
2204,1091
2205,0
2206,0
2207,0
2208,311
2209,0
2210,0
2211,54
2212,16
2213,56
2214,30
2215,1034
2216,7
2217,0
2218,2996
2219,1492
2220,0
2221,585
2222,0
2223,316
2224,228
2225,935
2226,2082
2227,383
2228,183
2229,2
2230,248
2231,176
2232,11
2233,0
2234,0
2235,72
2236,565
2237,23490
2238,0
2239,0
2240,0
2241,0
2242,2
2243,47
2244,0
2245,1941
2246,0
2247,159
2248,0
2249,0
2250,8
2251,4
2252,0
2253,153
2254,0
2255,1278
2256,0
2257,68
2258,0
2259,1007
2260,32
2261,79
2262,348
2263,93
2264,4
2265,14
2266,744
2267,33
2268,0
2269,686
2270,786
2271,367
2272,117
2273,24
2274,679
2275,2
2276,308
2277,201
2278,1631
2279,4406
2280,130
2281,76
2282,0
2283,319
2284,312
2285,155
2286,416
2287,4211
2288,263
2289,2
2290,11
2291,557
2292,361
2293,4318
2294,235
2295,203
2296,527
2297,319
2298,0
2299,846
2300,545
2301,33
2302,135
2303,0
2304,155
2305,88
2306,4133
2307,108046
2308,75
2309,0
2310,0
2311,7
2312,4505
2313,4
2314,28
2315,8
2316,389
2317,11
2318,432
2319,12693
2320,8449
2321,0
2322,4617
2323,4538
2324,17
2325,0
2326,4648
2327,416
2328,3
2329,0
2330,27
2331,4
2332,32
2333,719
2334,746
2335,5580
2336,5960
2337,112
2338,107
2339,10
2340,2
2341,2605
2342,312
2343,141
2344,12912
2345,127
2346,515
2347,23393
2348,13
2349,465
2350,6062
2351,4
2352,33
2353,45
2354,5735
2355,11
2356,43
2357,48
2358,15
2359,14
2360,17
2361,1035
2362,105
2363,74
2364,4794
2365,4343
2366,4543
2367,5
2368,11
2369,18
2370,0
2371,0
2372,26
2373,0
2374,6
2375,12
2376,0
2377,0
2378,3
2379,23
2380,0
2381,0
2382,123
2383,1994
2384,0
2385,4
2386,2
2387,0
2388,0
2389,0
2390,1477
2391,24
2392,293
2393,375
2394,10237
2395,789
2396,238
2397,4357
2398,568
2399,4181
2400,36
2401,124
2402,275
2403,398
2404,97
2405,3778
2406,541
2407,538
2408,251
2409,12
2410,162
2411,38
2412,43
2413,44
2414,21
2415,40
2416,13
2417,45
2418,91
2419,217
2420,374
2421,119
2422,0
2423,363
2424,349
2425,1384
2426,0
2427,46
2428,259
2429,1335
2430,12
2431,200
2432,92
2433,178
2434,27
2435,6
2436,28
2437,2
2438,45
2439,5800
2440,96
2441,24
2442,158
2443,1601
2444,239
2445,599
2446,2533
2447,27
2448,0
2449,10
2450,42
2451,7
2452,12
2453,0
2454,0
2455,0
2456,0
2457,6
2458,0
2459,9
2460,0
2461,0
2462,0
2463,0
2464,0
2465,3
2466,3
2467,273
2468,2
2469,22
2470,37
2471,52
2472,0
2473,0
2474,5
2475,10
2476,3
2477,12
2478,50
2479,0
2480,0
2481,94
2482,27
2483,19
2484,0
2485,2
2486,0
2487,0
2488,6
2489,0
2490,0
2491,0
2492,0
2493,3
2494,239452
2495,4717
2496,462
2497,107
2498,4
2499,2
2500,32
2501,1083
2502,1363
2503,0
2504,626
2505,0
2506,0
2507,426
2508,671
2509,0
2510,2
2511,0
2512,0
2513,0
2514,126
2515,2
2516,67
2517,0
2518,35
2519,0
2520,7
2521,1120
2522,0
2523,30
2524,0
2525,0
2526,0
2527,0
2528,0
2529,0
2530,0
2531,64
2532,0
2533,7
2534,11
2535,59
2536,11
2537,0
2538,47
2539,3
2540,0
2541,0
2542,0
2543,0
2544,0
2545,0
2546,0
2547,0
2548,2
2549,0
2550,0
2551,41
2552,4
2553,12
2554,0
2555,0
2556,0
2557,0
2558,0
2559,0
2560,108
2561,0
2562,39
2563,12
2564,3254
2565,9
2566,22
2567,4
2568,0
2569,0
2570,0
2571,45
2572,6
2573,11
2574,0
2575,0
2576,0
2577,0
2578,21
2579,62
2580,0
2581,0
2582,0
2583,0
2584,0
2585,1652
2586,58
2587,0
2588,0
2589,388
2590,239
2591,23
2592,88
2593,0
2594,36
2595,74
2596,11
2597,17
2598,0
2599,0
2600,0
2601,0
2602,0
2603,0
2604,0
2605,0
2606,0
2607,0
2608,0
2609,0
2610,0
2611,6180
2612,113257
2613,265
2614,270
2615,1771
2616,871
2617,57
2618,0
2619,0
2620,0
2621,33
2622,0
2623,529
2624,67
2625,274
2626,762
2627,16499
2628,16498
2629,140
2630,3188
2631,19564
2632,3144
2633,5110
2634,9814
2635,4077
2636,2
2637,0
2638,0
2639,16
2640,0
2641,10
2642,0
2643,0
2644,5
2645,0
2646,457
2647,14
2648,12
2649,5116
2650,55
2651,10530
2652,2068
2653,29
2654,7
2655,15
2656,459
2657,129
2658,6
2659,19300
2660,0
2661,0
2662,507
2663,4
2664,352
2665,96
2666,43
2667,72
2668,92
2669,306
2670,73
2671,51
2672,0
2673,285
2674,11
2675,3840
2676,27
2677,2988
2678,353
2679,219
2680,271
2681,119
2682,143
2683,159
2684,194
2685,85
2686,148
2687,70
2688,0
2689,219
2690,191
2691,4
2692,496
2693,212
2694,61
2695,206
2696,5437
2697,720
2698,2119
2699,639
2700,5419
2701,14513
2702,5372
2703,505
2704,19
2705,0
2706,0
2707,4
2708,260
2709,8
2710,14
2711,523
2712,314
2713,9692
2714,312
2715,9499
2716,90
2717,39
2718,14
2719,54
2720,12562
2721,0
2722,3
2723,6
2724,0
2725,3800
2726,66
2727,465
2728,315
2729,364
2730,89
2731,203
2732,400
2733,313
2734,3359
2735,273828
2736,460
2737,73
2738,27030
2739,2925
2740,37
2741,78
2742,7191
2743,48
2744,820
2745,16008
2746,0
2747,0
2748,13
2749,7
2750,233
2751,26
2752,16
2753,0
2754,17
2755,2
2756,3
2757,2
2758,10
2759,1642
2760,10
2761,144
2762,1288
2763,42
2764,41
2765,2606
2766,67
2767,0
2768,3
2769,638
2770,2305
2771,10
2772,1777
2773,12
2774,118
2775,3
2776,30
2777,29
2778,22
2779,71
2780,13
2781,0
2782,11
2783,0
2784,3
2785,0
2786,89
2787,0
2788,13
2789,2278
2790,37
2791,24
2792,0
2793,0
2794,14
2795,0
2796,0
2797,0
2798,7
2799,0
2800,23431
2801,0
2802,2540
2803,16
2804,25
2805,2942
2806,5
2807,78
2808,0
2809,188
2810,0
2811,0
2812,0
2813,0
2814,2749
2815,0
2816,0
2817,7
2818,6
2819,0
2820,8
2821,3001
2822,0
2823,3
2824,0
2825,44
2826,76
2827,26
2828,0
2829,104
2830,0
2831,0
2832,99
2833,265
2834,2
2835,0
2836,0
2837,0
2838,0
2839,0
2840,0
2841,0
2842,0
2843,202
2844,126
2845,1516
2846,12
2847,0
2848,186
2849,0
2850,0
2851,0
2852,0
2853,0
2854,0
2855,0
2856,0
2857,0
2858,51
2859,25006
2860,61
2861,0
2862,3788
2863,5
2864,215136
2865,0
2866,0
2867,13431
2868,69
2869,73
2870,0
2871,0
2872,0
2873,1908
2874,0
2875,22
2876,0
2877,226
2878,0
2879,0
2880,345
2881,46
2882,0
2883,5683
2884,0
2885,211
2886,86
2887,0
2888,0
2889,92
2890,15
2891,8
2892,0
2893,10
2894,0
2895,0
2896,117
2897,0
2898,49
2899,0
2900,251
2901,1459
2902,1080
2903,2059
2904,359
2905,1646
2906,2394
2907,4497
2908,168
2909,189
2910,182
2911,6949
2912,61
2913,160
2914,404
2915,1214
2916,159
2917,278
2918,182
2919,3
2920,0
2921,208
2922,260
2923,16896
2924,462
2925,337
2926,36
2927,229
2928,9
2929,59
2930,12
2931,0
2932,0
2933,0
2934,50
2935,0
2936,53869
2937,18
2938,3
2939,7719
2940,0
2941,0
2942,1081
2943,7
2944,33
2945,106
2946,0
2947,0
2948,0
2949,0
2950,0
2951,0
2952,773
2953,16621
2954,80
2955,10500
2956,265
2957,92
2958,555
2959,32
2960,298
2961,1680
2962,5697
2963,10668
2964,49
2965,147
2966,176
2967,232
2968,30
2969,7
2970,7
2971,99
2972,0
2973,624
2974,68
2975,649
2976,74
2977,639
2978,325
2979,4851
2980,712
2981,38
2982,76
2983,118
2984,897
2985,255
2986,1064
2987,282
2988,60
2989,15
2990,16
2991,7915
2992,3574
2993,118
2994,440
2995,39
2996,89368
2997,158
2998,146
2999,25
3000,134
3001,610
3002,139
3003,160
3004,66
3005,35
3006,17
3007,0
3008,0
3009,5
3010,0
3011,0
3012,33
3013,2
3014,0
3015,0
3016,0
3017,39
3018,384
3019,21
3020,0
3021,9
3022,16
3023,0
3024,2
3025,0
3026,76
3027,0
3028,0
3029,0
3030,224
3031,153
3032,0
3033,11
3034,179
3035,20
3036,0
3037,12
3038,5
3039,0
3040,0
3041,0
3042,9
3043,0
3044,905
3045,63
3046,0
3047,9
3048,156
3049,103
3050,0
3051,0
3052,265
3053,0
3054,2
3055,3
3056,0
3057,0
3058,12
3059,4
3060,166
3061,0
3062,50
3063,27
3064,77
3065,290
3066,22
3067,0
3068,0
3069,170
3070,80
3071,4
3072,54
3073,45
3074,0
3075,0
3076,0
3077,292
3078,30
3079,0
3080,17
3081,0
3082,0
3083,39
3084,6
3085,2
3086,103
3087,17
3088,13
3089,0
3090,0
3091,0
3092,0
3093,0
3094,2
3095,34
3096,0
3097,0
3098,0
3099,0
3100,0
3101,148
3102,130
3103,63
3104,119
3105,317
3106,2
3107,96
3108,25
3109,8
3110,22
3111,34
3112,0
3113,268
3114,67
3115,31
3116,297
3117,2330
3118,37
3119,364
3120,645
3121,65
3122,144
3123,213
3124,17489
3125,37
3126,6
3127,45
3128,0
3129,50
3130,2
3131,32
3132,0
3133,74
3134,101
3135,0
3136,94
3137,84
3138,642
3139,317
3140,149686
3141,101243
3142,63823
3143,1839
3144,40
3145,2210
3146,1848
3147,2746
3148,56
3149,4038
3150,11
3151,942
3152,546
3153,378
3154,1013
3155,0
3156,50
3157,14
3158,275
3159,1983
3160,16
3161,15
3162,10
3163,39
3164,0
3165,0
3166,0
3167,0
3168,0
3169,0
3170,0
3171,0
3172,6375
3173,737
3174,4324
3175,4
3176,33
3177,48
3178,0
3179,5
3180,5
3181,156
3182,8
3183,7662
3184,857
3185,26
3186,1181
3187,1764
3188,7
3189,855
3190,1037
3191,1584
3192,225
3193,274
3194,2048
3195,87
3196,5
3197,14686
3198,8
3199,0
3200,356
3201,653
3202,54
3203,84
3204,92
3205,489
3206,974
3207,392
3208,208
3209,429
3210,0
3211,6
3212,5
3213,120
3214,2
3215,83
3216,2
3217,0
3218,0
3219,129
3220,0
3221,2
3222,5048
3223,0
3224,5
3225,0
3226,0
3227,0
3228,461984
3229,0
3230,4
3231,88
3232,8810
3233,2374
3234,378
3235,1390
3236,37
3237,10
3238,16
3239,0
3240,0
3241,0
3242,0
3243,0
3244,0
3245,0
3246,0
3247,0
3248,0
3249,0
3250,0
3251,0
3252,0
3253,0
3254,2497
3255,0
3256,25
3257,0
3258,0
3259,0
3260,0
3261,3
3262,0
3263,0
3264,0
3265,0
3266,0
3267,0
3268,0
3269,0
3270,0
3271,0
3272,0
3273,0
3274,0
3275,0
3276,0
3277,0
3278,7
3279,2
3280,0
3281,1273
3282,230
3283,534
3284,0
3285,0
3286,17
3287,0
3288,0
3289,0
3290,0
3291,3
3292,0
3293,6
3294,0
3295,0
3296,0
3297,0
3298,0
3299,0
3300,4
3301,4
3302,0
3303,0
3304,0
3305,28
3306,27
3307,0
3308,0
3309,9
3310,0
3311,0
3312,0
3313,5
3314,0
3315,2
3316,0
3317,0
3318,0
3319,2
3320,64
3321,0
3322,0
3323,0
3324,0
3325,11
3326,0
3327,0
3328,0
3329,0
3330,0
3331,0
3332,6
3333,98
3334,1500
3335,0
3336,0
3337,26
3338,342
3339,1285
3340,804
3341,163
3342,779
3343,11
3344,11
3345,393
3346,319
3347,285
3348,14
3349,29
3350,42467
3351,563
3352,194
3353,118
3354,144
3355,1007
3356,59
3357,30
3358,12
3359,408
3360,102
3361,2097
3362,37
3363,94
3364,22
3365,31
3366,108
3367,43
3368,34
3369,22
3370,785
3371,0
3372,11
3373,49444
3374,806
3375,151
3376,60
3377,595
3378,3966
3379,868
3380,45
3381,794
3382,0
3383,322
3384,153
3385,73
3386,24
3387,43
3388,0
3389,0
3390,0
3391,0
3392,0
3393,0
3394,0
3395,0
3396,0
3397,0
3398,15
3399,0
3400,391
3401,1046
3402,1419
3403,1286
3404,1346
3405,190
3406,1550
3407,49
3408,1834
3409,1034
3410,0
3411,0
3412,0
3413,3
3414,645
3415,215
3416,0
3417,0
3418,380
3419,9500
3420,0
3421,58
3422,20
3423,0
3424,11
3425,4174
3426,6
3427,3630
3428,383
3429,281
3430,641
3431,0
3432,1137
3433,0
3434,1988
3435,1988
3436,4230
3437,412
3438,0
3439,1130
3440,1180
3441,1527
3442,0
3443,4268
3444,111
3445,121
3446,5
3447,50
3448,233
3449,1898
3450,718
3451,47
3452,54
3453,86
3454,4988
3455,295
3456,549
3457,34
3458,0
3459,42
3460,47
3461,92
3462,109
3463,365
3464,15
3465,5
3466,0
3467,0
3468,21
3469,10
3470,0
3471,0
3472,36
3473,2
3474,22
3475,463
3476,19
3477,53
3478,15
3479,2
3480,23
3481,0
3482,0
3483,0
3484,0
3485,0
3486,0
3487,0
3488,0
3489,8
3490,0
3491,20
3492,0
3493,0
3494,53
3495,43
3496,0
3497,26
3498,67
3499,48
3500,58
3501,88
3502,0
3503,0
3504,68
3505,14
3506,0
3507,10
3508,0
3509,94
3510,0
3511,0
3512,3
3513,25
3514,0
3515,73477
3516,27
3517,0
3518,0
3519,0
3520,0
3521,0
3522,0
3523,0
3524,0
3525,0
3526,0
3527,0
3528,0
3529,0
3530,0
3531,2
3532,0
3533,0
3534,0
3535,0
3536,0
3537,0
3538,0
3539,0
3540,33
3541,9150
3542,19
3543,0
3544,0
3545,2
3546,0
3547,0
3548,0
3549,14
3550,0
3551,0
3552,0
3553,0
3554,0
3555,2639
3556,0
3557,0
3558,0
3559,0
3560,0
3561,0
3562,21
3563,0
3564,106
3565,0
3566,0
3567,0
3568,0
3569,0
3570,0
3571,0
3572,0
3573,0
3574,0
3575,0
3576,0
3577,0
3578,0
3579,0
3580,0
3581,194
3582,25
3583,0
3584,105
3585,0
3586,0
3587,0
3588,0
3589,0
3590,0
3591,1981
3592,498
3593,25
3594,0
3595,274
3596,1501
3597,671
3598,304
3599,0
3600,6
3601,1717
3602,384
3603,28
3604,270
3605,640
3606,0
3607,0
3608,819
3609,90
3610,252
3611,330
3612,83
3613,1094
3614,5398
3615,6924
3616,296255
3617,239
3618,59
3619,311
3620,1770
3621,0
3622,575
3623,1271
3624,7
3625,229
3626,477
3627,107
3628,1215
3629,229
3630,416
3631,134
3632,326
3633,320
3634,500
3635,1741
3636,511
3637,71
3638,127
3639,159
3640,13
3641,133
3642,0
3643,3536
3644,121
3645,296
3646,97
3647,279
3648,656
3649,432
3650,1066
3651,154
3652,431
3653,966
3654,417
3655,1248
3656,123
3657,0
3658,424
3659,105
3660,2017
3661,186
3662,2985
3663,226
3664,8079
3665,1516
3666,487
3667,895
3668,126
3669,16
3670,167
3671,560
3672,827
3673,196
3674,2
3675,844
3676,542
3677,202
3678,188
3679,5
3680,490
3681,42
3682,104
3683,2
3684,168
3685,82
3686,196
3687,57
3688,2051
3689,177
3690,622
3691,14
3692,191
3693,16
3694,212
3695,20
3696,40
3697,698
3698,193
3699,229
3700,19
3701,128
3702,54
3703,7
3704,10
3705,366
3706,60
3707,97970
3708,8
3709,44
3710,29
3711,33
3712,71
3713,505
3714,805
3715,82
3716,372
3717,98
3718,0
3719,59
3720,416
3721,75
3722,17
3723,209
3724,33
3725,78
3726,353
3727,3
3728,0
3729,192555
3730,0
3731,0
3732,210
3733,480
3734,54
3735,6178
3736,13
3737,0
3738,865
3739,166
3740,15
3741,3290
3742,1204
3743,68
3744,0
3745,0
3746,2853
3747,72
3748,3
3749,12
3750,10
3751,0
3752,0
3753,0
3754,44
3755,0
3756,0
3757,0
3758,0
3759,0
3760,0
3761,68
3762,0
3763,0
3764,0
3765,0
3766,0
3767,0
3768,0
3769,27
3770,71
3771,0
3772,52
3773,4128
3774,1196
3775,13854
3776,611
3777,434
3778,317
3779,1691
3780,99
3781,135
3782,142
3783,0
3784,46
3785,131
3786,24
3787,35
3788,105
3789,54
3790,3407
3791,47113
3792,1655
3793,0
3794,16
3795,23
3796,39
3797,64
3798,737
3799,1109
3800,2398
3801,652
3802,0
3803,0
3804,0
3805,0
3806,0
3807,0
3808,0
3809,0
3810,38
3811,51
3812,0
3813,265527
3814,58
3815,1628
3816,173
3817,497
3818,64
3819,320
3820,129
3821,442
3822,236
3823,74
3824,1689
3825,424
3826,33
3827,659
3828,159
3829,342
3830,187
3831,143
3832,210
3833,359
3834,544
3835,3798
3836,0
3837,121
3838,210
3839,331
3840,69
3841,250
3842,0
3843,0
3844,423
3845,250
3846,15
3847,62
3848,100
3849,18
3850,2
3851,244
3852,282
3853,7
3854,328
3855,140
3856,41
3857,0
3858,19
3859,46
3860,0
3861,0
3862,18439
3863,0
3864,5
3865,52
3866,662
3867,2
3868,168
3869,2819
3870,13
3871,79
3872,0
3873,0
3874,99
3875,119
3876,119
3877,64
3878,79
3879,241
3880,202
3881,0
3882,41
3883,166
3884,95
3885,0
3886,0
3887,0
3888,95
3889,0
3890,0
3891,0
3892,159
3893,643
3894,1019
3895,855
3896,21
3897,0
3898,28
3899,23
3900,10
3901,19
3902,0
3903,151
3904,10
3905,0
3906,0
3907,0
3908,0
3909,3
3910,0
3911,58
3912,5
3913,23
3914,10
3915,0
3916,0
3917,0
3918,0
3919,0
3920,2
3921,0
3922,0
3923,0
3924,0
3925,0
3926,0
3927,30
3928,0
3929,0
3930,5
3931,0
3932,34
3933,0
3934,0
3935,0
3936,4
3937,76986
3938,0
3939,0
3940,0
3941,0
3942,0
3943,0
3944,22
3945,0
3946,0
3947,0
3948,0
3949,0
3950,40
3951,0
3952,126
3953,256
3954,177
3955,64
3956,55
3957,214
3958,62
3959,94
3960,128
3961,4
3962,9
3963,0
3964,2
3965,77
3966,20
3967,83
3968,27
3969,57
3970,3
3971,105
3972,94
3973,7
3974,17
3975,3
3976,0
3977,0
3978,0
3979,0
3980,0
3981,0
3982,4
3983,0
3984,0
3985,0
3986,0
3987,0
3988,0
3989,3
3990,2
3991,0
3992,0
3993,2
3994,0
3995,0
3996,0
3997,8
3998,0
3999,38
4000,10
4001,140
4002,279
4003,2
4004,0
4005,0
4006,0
4007,293
4008,126
4009,1326
4010,0
4011,186
4012,253
4013,9
4014,0
4015,169
4016,59
4017,0
4018,61
4019,156
4020,121
4021,200
4022,185
4023,62
4024,16470
4025,153
4026,101
4027,630
4028,907
4029,214
4030,244
4031,137495
4032,3463
4033,7
4034,2183
4035,10
4036,2390
4037,47
4038,48
4039,138
4040,10942
4041,5068
4042,91
4043,49
4044,43
4045,47
4046,34
4047,81
4048,0
4049,0
4050,40
4051,0
4052,0
4053,28
4054,0
4055,0
4056,0
4057,0
4058,0
4059,0
4060,0
4061,0
4062,3
4063,6
4064,0
4065,0
4066,0
4067,0
4068,0
4069,0
4070,0
4071,0
4072,97
4073,13
4074,5
4075,3
4076,93
4077,65
4078,42
4079,0
4080,36
4081,0
4082,420
4083,4
4084,3556
4085,24
4086,42487
4087,4711
4088,1022
4089,10
4090,1034
4091,1968
4092,56
4093,414
4094,267
4095,41
4096,0
4097,7
4098,0
4099,2
4100,0
4101,0
4102,0
4103,0
4104,0
4105,70
4106,23
4107,10
4108,0
4109,2
4110,30
4111,20
4112,0
4113,330
4114,0
4115,0
4116,2
4117,14
4118,16
4119,0
4120,36
4121,29940
4122,405
4123,16
4124,0
4125,15
4126,11800
4127,0
4128,39
4129,22
4130,2112
4131,22
4132,629
4133,468
4134,111
4135,47
4136,18
4137,0
4138,52
4139,0
4140,2175
4141,339
4142,2745
4143,3406
4144,16
4145,0
4146,0
4147,53
4148,0
4149,0
4150,0
4151,0
4152,0
4153,0
4154,0
4155,0
