DAY,AMOUNT
1,1797199
2,182
3,26
4,45
5,6
6,0
7,0
8,7
9,0
10,0
11,0
12,0
13,0
14,4
15,1402
16,20467
17,693
18,0
19,449
20,14
21,0
22,205
23,68
24,166
25,152
26,0
27,0
28,0
29,0
30,1562
31,86
32,276
33,637
34,127
35,0
36,613
37,876
38,97
39,269
40,249
41,0
42,0
43,138
44,661
45,476
46,671
47,433
48,0
49,0
50,27
51,222
52,0
53,262
54,1419
55,2
56,40
57,0
58,0
59,0
60,0
61,63
62,0
63,0
64,0
65,0
66,458
67,0
68,3
69,0
70,0
71,0
72,96
73,509
74,0
75,155
76,0
77,0
78,18
79,0
80,19
81,0
82,22
83,0
84,0
85,0
86,21
87,0
88,777
89,1735
90,0
91,0
92,12
93,3
94,0
95,168
96,1436
97,0
98,0
99,27803
100,635
101,29996
102,238
103,686
104,121
105,341
106,0
107,17
108,0
109,0
110,13
111,0
112,0
113,740
114,0
115,13
116,11
117,1275
118,0
119,0
120,2
121,0
122,3
123,0
124,164
125,0
126,0
127,12
128,57
129,0
130,6141
131,188
132,0
133,0
134,422727
135,1097
136,0
137,0
138,33
139,94590
140,0
141,29
142,108
143,0
144,0
145,0
146,0
147,0
148,0
149,103
150,0
151,0
152,0
153,0
154,0
155,0
156,0
157,0
158,46
159,0
160,0
161,0
162,0
163,42
164,2
165,39
166,0
167,0
168,0
169,0
170,0
171,81
172,302
173,15
174,0
175,0
176,0
177,764
178,22
179,64
180,0
181,0
182,19
183,397
184,0
185,39
186,0
187,3
188,0
189,0
190,7
191,0
192,2
193,63
194,0
195,0
196,0
197,1076
198,0
199,3
200,1805
201,2
202,5
203,0
204,0
205,6
206,0
207,0
208,12
209,0
210,0
211,119
212,0
213,8
214,249
215,92
216,35
217,0
218,178
219,0
220,277
221,403
222,10
223,35
224,0
225,18
226,641
227,64
228,15
229,110
230,147
231,21
232,0
233,36
234,0
235,0
236,525
237,30
238,0
239,0
240,0
241,5
242,0
243,18
244,0
245,0
246,8
247,120
248,329
249,0
250,7
251,0
252,0
253,0
254,0
255,16
256,35
257,0
258,0
259,0
260,0
261,36
262,0
263,6
264,0
265,0
266,0
267,0
268,0
269,6
270,0
271,0
272,0
273,0
274,0
275,54
276,0
277,0
278,0
279,0
280,0
281,0
282,8
283,6
284,156
285,0
286,78
287,0
288,0
289,20
290,0
291,0
292,0
293,0
294,0
295,0
296,0
297,0
298,0
299,0
300,0
301,0
302,0
303,0
304,6
305,0
306,0
307,0
308,0
309,3
310,0
311,0
312,0
313,0
314,0
315,0
316,0
317,0
318,0
319,0
320,0
321,0
322,0
323,0
324,0
325,0
326,0
327,0
328,0
329,0
330,0
331,221
332,0
333,0
334,0
335,0
336,0
337,0
338,17
339,0
340,0
341,4643
342,0
343,0
344,0
345,0
346,0
347,39
348,34
349,0
350,0
351,0
352,0
353,69
354,0
355,0
356,35566
357,3
358,31
359,136
360,0
361,130
362,62
363,0
364,0
365,0
366,0
367,0
368,0
369,32
370,0
371,0
372,0
373,0
374,13
375,103
376,172
377,0
378,0
379,0
380,0
381,0
382,0
383,8
384,0
385,0
386,0
387,0
388,0
389,0
390,0
391,0
392,0
393,0
394,0
395,0
396,0
397,0
398,0
399,0
400,0
401,0
402,0
403,0
404,0
405,0
406,0
407,4152
408,2
409,101
410,0
411,0
412,0
413,0
414,0
415,23
416,0
417,0
418,0
419,0
420,0
421,0
422,0
423,0
424,17
425,0
426,0
427,0
428,0
429,0
430,0
431,0
432,0
433,0
434,0
435,0
436,0
437,0
438,0
439,0
440,0
441,0
442,0
443,0
444,0
445,0
446,0
447,0
448,0
449,0
450,0
451,0
452,0
453,0
454,0
455,0
456,0
457,0
458,0
459,12
460,0
461,6
462,0
463,0
464,0
465,0
466,246
467,0
468,0
469,0
470,0
471,0
472,0
473,0
474,0
475,0
476,0
477,0
478,0
479,0
480,0
481,0
482,0
483,0
484,0
485,0
486,0
487,0
488,0
489,0
490,0
491,0
492,0
493,0
494,0
495,0
496,0
497,0
498,0
499,0
500,0
501,0
502,0
503,0
504,0
505,0
506,0
507,10
508,0
509,0
510,0
511,0
512,0
513,18
514,0
515,0
516,0
517,0
518,0
519,0
520,7
521,0
522,5
523,0
524,0
525,0
526,0
527,10551
528,0
529,0
530,0
531,0
532,0
533,0
534,0
535,68
536,0
537,0
538,0
539,0
540,41
541,0
542,0
543,0
544,0
545,0
546,0
547,0
548,0
549,0
550,0
551,0
552,0
553,0
554,0
555,0
556,0
557,0
558,0
559,0
560,0
561,0
562,2
563,0
564,0
565,0
566,0
567,0
568,0
569,0
570,0
571,0
572,0
573,0
574,0
575,0
576,0
577,0
578,0
579,0
580,0
581,0
582,0
583,0
584,0
585,0
586,0
587,0
588,0
589,0
590,0
591,0
592,0
593,0
594,0
595,0
596,0
597,0
598,0
599,0
600,0
601,0
602,0
603,0
604,0
605,23900
606,0
607,0
608,0
609,0
610,0
611,0
612,0
613,0
614,0
615,0
616,0
617,0
618,0
619,0
620,0
621,0
622,0
623,0
624,0
625,0
626,0
627,0
628,0
629,0
630,0
631,0
632,0
633,0
634,0
635,0
636,0
637,0
638,0
639,0
640,0
641,0
642,0
643,0
644,0
645,0
646,0
647,0
648,0
649,0
650,70164
651,0
652,68
653,30
654,9
655,597
656,1334
657,2
658,0
659,0
660,221
661,0
662,396
663,39
664,17
665,0
666,610
667,75
668,2
669,0
670,74
671,6
672,0
673,18
674,0
675,50
676,165
677,0
678,0
679,0
680,0
681,0
682,956
683,0
684,244
685,0
686,0
687,197
688,613
689,56
690,19
691,5060
692,54
693,0
694,0
695,0
696,14
697,149
698,44
699,0
700,0
701,0
702,0
703,12
704,20
705,27
706,0
707,0
708,545
709,5
710,0
711,0
712,0
713,0
714,0
715,0
716,89
717,0
718,0
719,3
720,0
721,0
722,0
723,0
724,0
725,0
726,0
727,0
728,0
729,0
730,0
731,0
732,2252
733,1047
734,0
735,0
736,0
737,320
738,6208
739,34
740,0
741,0
742,0
743,0
744,540
745,3833
746,497
747,0
748,0
749,0
750,0
751,495
752,0
753,24167
754,499
755,0
756,0
757,2921
758,70
759,0
760,6
761,191
762,0
763,0
764,0
765,31151
766,167
767,0
768,155
769,141
770,0
771,0
772,0
773,0
774,202
775,5556
776,0
777,0
778,468
779,86
780,0
781,17553
782,9933
783,603
784,0
785,13
786,126
787,1652
788,447
789,2406
790,94
791,0
792,0
793,595
794,674
795,604
796,149
797,823
798,0
799,0
800,39
801,605
802,232
803,110
804,19631
805,0
806,55
807,9699
808,58
809,82
810,576
811,0
812,0
813,788
814,121
815,3948
816,1451
817,759
818,3492
819,0
820,424
821,166
822,229
823,837
824,234
825,0
826,0
827,0
828,0
829,572
830,199
831,9
832,49
833,0
834,0
835,536
836,505
837,329
838,0
839,0
840,0
841,0
842,32
843,795
844,3928
845,37
846,6
847,0
848,216
849,81
850,545
851,47
852,0
853,0
854,0
855,31698
856,763
857,162
858,0
859,2
860,0
861,0
862,202
863,17
864,418
865,1228
866,10
867,0
868,0
869,1623
870,2
871,16207
872,337
873,163
874,0
875,0
876,276
877,807
878,212
879,79
880,0
881,0
882,0
883,24
884,106
885,1063
886,142
887,98
888,11
889,0
890,9
891,2648
892,2070
893,34997
894,389
895,4
896,0
897,12
898,624
899,104
900,1846
901,1230
902,11
903,0
904,30
905,1080
906,443
907,5806
908,2
909,0
910,0
911,0
912,0
913,384
914,728
915,431
916,10
917,0
918,0
919,0
920,4
921,243
922,18745
923,37
924,0
925,5530
926,2217
927,677
928,295
929,49889
930,114
931,0
932,473
933,416
934,27145
935,736
936,461
937,0
938,0
939,702
940,18
941,32044
942,10445
943,420
944,0
945,0
946,599
947,573
948,224
949,640
950,24006
951,18
952,0
953,88
954,325
955,44
956,33
957,0
958,846
959,0
960,57
961,612
962,370
963,4299
964,19
965,0
966,0
967,0
968,0
969,4702
970,322
971,8
972,0
973,0
974,776
975,171
976,21
977,377
978,560
979,0
980,0
981,41
982,53
983,0
984,113
985,590
986,215
987,0
988,76
989,1979
990,46
991,224
992,22
993,14
994,0
995,1177
996,18
997,151
998,13343
999,2511
1000,0
1001,0
1002,218
1003,224
1004,5545
1005,4076
1006,740
1007,0
1008,0
1009,0
1010,934
1011,9
1012,0
1013,719
1014,0
1015,0
1016,261
1017,1015
1018,10291
1019,81
1020,151
1021,213
1022,0
1023,391
1024,380
1025,30912
1026,2251
1027,3
1028,226
1029,152
1030,253
1031,471
1032,0
1033,98
1034,32686
1035,0
1036,0
1037,261
1038,347
1039,1282
1040,439
1041,125
1042,118
1043,0
1044,0
1045,26
1046,0
1047,826
1048,29333
1049,950
1050,0
1051,2
1052,256
1053,136
1054,309
1055,178
1056,7
1057,0
1058,54
1059,280
1060,5807
1061,8
1062,82
1063,48
1064,0
1065,0
1066,57
1067,17
1068,0
1069,45
1070,0
1071,0
1072,3
1073,37
1074,34
1075,13480
1076,183
1077,0
1078,0
1079,183
1080,171
1081,3049
1082,960
1083,408
1084,0
1085,0
1086,113
1087,88
1088,42
1089,11
1090,672
1091,5
1092,0
1093,0
1094,15
1095,136
1096,995
1097,42
1098,241
1099,27
1100,5
1101,373
1102,271
1103,0
1104,0
1105,0
1106,0
1107,0
1108,324
1109,148
1110,88
1111,16501
1112,33638
1113,8337
1114,1109
1115,499
1116,1299
1117,145
1118,185
1119,0
1120,0
1121,238
1122,239
1123,90
1124,645
1125,4427
1126,89
1127,0
1128,33022
1129,32
1130,276
1131,55
1132,0
1133,0
1134,0
1135,25
1136,132
1137,562
1138,364
1139,40
1140,0
1141,0
1142,805675
1143,61
1144,4150
1145,23754
1146,527
1147,0
1148,0
1149,9867
1150,595
1151,852
1152,1901
1153,116
1154,90
1155,44
1156,5115
1157,24
1158,1261
1159,823
1160,582
1161,216
1162,0
1163,398
1164,29
1165,69
1166,873
1167,17
1168,0
1169,0
1170,12
1171,378
1172,147
1173,2
1174,213
1175,4
1176,0
1177,8
1178,126
1179,134
1180,905
1181,5922
1182,2862
1183,0
1184,458
1185,393
1186,247
1187,449
1188,326
1189,22
1190,0
1191,0
1192,123
1193,3
1194,301
1195,517
1196,48
1197,138
1198,36
1199,84
1200,236
1201,190
1202,41
1203,43
1204,0
1205,98
1206,27018
1207,21
1208,0
1209,85
1210,0
1211,0
1212,0
1213,553
1214,264
1215,534
1216,104
1217,4
1218,0
1219,10611
1220,230
1221,1154
1222,0
1223,14
1224,0
1225,0
1226,1321
1227,0
1228,76
1229,871
1230,3424
1231,0
1232,0
1233,0
1234,8523
1235,76
1236,27
1237,80
1238,232
1239,0
1240,206
1241,467
1242,391
1243,3676
1244,451
1245,122
1246,0
1247,102
1248,623
1249,329
1250,666
1251,156
1252,0
1253,0
1254,373
1255,241
1256,145
1257,750
1258,16
1259,0
1260,0
1261,171
1262,0
1263,37
1264,6
1265,29
1266,0
1267,0
1268,8
1269,295
1270,749
1271,0
1272,0
1273,2312
1274,4770
1275,1762
1276,630
1277,22
1278,58
1279,2306
1280,46
1281,190
1282,480
1283,155
1284,0
1285,4057
1286,2195
1287,132
1288,0
1289,85
1290,203
1291,264
1292,425
1293,37296
1294,882
1295,13
1296,306
1297,269
1298,180
1299,549
1300,2351
1301,0
1302,0
1303,6
1304,30
1305,153
1306,378
1307,166
1308,5
1309,0
1310,0
1311,147
1312,545
1313,2079
1314,82
1315,105
1316,0
1317,263
1318,89450
1319,25081
1320,233
1321,607
1322,36
1323,0
1324,276
1325,213
1326,318
1327,212
1328,11
1329,0
1330,0
1331,0
1332,4
1333,875
1334,469
1335,247
1336,2
1337,0
1338,1243
1339,237
1340,73630
1341,83853
1342,85
1343,100
1344,0
1345,386
1346,507
1347,194
1348,53
1349,16396
1350,0
1351,13
1352,9
1353,139
1354,50
1355,34
1356,55
1357,0
1358,0
1359,30
1360,394
1361,29
1362,734
1363,455
1364,12317
1365,0
1366,15
1367,271
1368,1712
1369,28
1370,0
1371,0
1372,0
1373,898
1374,71
1375,0
1376,0
1377,59
1378,11
1379,0
1380,0
1381,5
1382,43
1383,36
1384,0
1385,0
1386,0
1387,0
1388,0
1389,14020
1390,25
1391,61884
1392,0
1393,0
1394,43
1395,0
1396,0
1397,7823
1398,0
1399,0
1400,0
1401,286
1402,0
1403,7
1404,146
1405,60
1406,0
1407,0
1408,0
1409,17
1410,89
1411,62
1412,13
1413,2
1414,0
1415,0
1416,0
1417,0
1418,505
1419,68
1420,0
1421,0
1422,0
1423,10
1424,0
1425,0
1426,0
1427,0
1428,0
1429,0
1430,0
1431,127938
1432,17
1433,972
1434,0
1435,0
1436,0
1437,144
1438,46
1439,88
1440,398
1441,0
1442,0
1443,76
1444,245
1445,1240
1446,38042
1447,14
1448,428
1449,0
1450,11
1451,257
1452,56
1453,0
1454,3
1455,0
1456,0
1457,0
1458,16
1459,8
1460,813
1461,75
1462,0
1463,0
1464,30
1465,0
1466,0
1467,0
1468,0
1469,0
1470,0
1471,0
1472,761
1473,186
1474,18
1475,11
1476,27
1477,0
1478,278
1479,388
1480,136
1481,80
1482,47
1483,0
1484,0
1485,1359
1486,0
1487,107
1488,84
1489,0
1490,21
1491,0
1492,6
1493,6
1494,0
1495,0
1496,0
1497,0
1498,0
1499,33
1500,0
1501,23732
1502,146
1503,229
1504,11
1505,0
1506,126
1507,237
1508,354
1509,177
1510,179
1511,490
1512,0
1513,259
1514,155
1515,74
1516,431
1517,2122
1518,2
1519,0
1520,228
1521,382
1522,141
1523,0
1524,1938
1525,0
1526,0
1527,565
1528,34
1529,161
1530,42
1531,459
1532,0
1533,0
1534,241
1535,138
1536,372
1537,125
1538,431
1539,107
1540,0
1541,120
1542,0
1543,210
1544,433
1545,15152
1546,22
1547,0
1548,0
1549,1105
1550,122
1551,490
1552,9
1553,0
1554,0
1555,0
1556,0
1557,231
1558,289
1559,167
1560,0
1561,0
1562,11
1563,357
1564,28
1565,748
1566,213
1567,227
1568,17
1569,100
1570,129
1571,978
1572,96
1573,47
1574,0
1575,0
1576,5
1577,642
1578,1901
1579,174
1580,158
1581,0
1582,0
1583,0
1584,26924
1585,0
1586,4
1587,62
1588,0
1589,159
1590,51
1591,0
1592,0
1593,0
1594,0
1595,66
1596,0
1597,0
1598,0
1599,145
1600,3
1601,109
1602,0
1603,0
1604,8
1605,2
1606,358
1607,1105
1608,33
1609,0
1610,0
1611,66
1612,0
1613,0
1614,11
1615,0
1616,0
1617,0
1618,0
1619,17
1620,0
1621,8
1622,3
1623,0
1624,0
1625,0
1626,63
1627,4
1628,0
1629,86
1630,0
1631,0
1632,6
1633,19
1634,26
1635,0
1636,119
1637,15
1638,34
1639,6
1640,0
1641,69
1642,4
1643,0
1644,0
1645,0
1646,9
1647,12
1648,0
1649,0
1650,0
1651,0
1652,0
1653,0
1654,22
1655,160
1656,5
1657,16309
1658,19
1659,0
1660,110
1661,389
1662,303
1663,623
1664,152
1665,56
1666,0
1667,162
1668,451
1669,1322
1670,1451
1671,152
1672,0
1673,0
1674,0
1675,0
1676,22
1677,7
1678,5
1679,0
1680,0
1681,45
1682,90
1683,69
1684,18079
1685,383
1686,18
1687,0
1688,119
1689,86
1690,682089
1691,10
1692,75
1693,0
1694,0
1695,0
1696,181
1697,160
1698,1424
1699,31497
1700,67
1701,147
1702,61
1703,365
1704,3024
1705,746
1706,14741
1707,37
1708,0
1709,17
1710,686
1711,505
1712,5222
1713,312
1714,479
1715,0
1716,134
1717,50215
1718,273
1719,468
1720,360
1721,31
1722,237
1723,1367
1724,306
1725,1130
1726,176
1727,113
1728,2
1729,0
1730,5
1731,1729
1732,16
1733,65
1734,537
1735,100
1736,0
1737,122
1738,441
1739,91
1740,42
1741,2468
1742,0
1743,0
1744,491
1745,102
1746,0
1747,29
1748,46
1749,0
1750,0
1751,0
1752,692
1753,8
1754,42
1755,49
1756,0
1757,4
1758,283
1759,2516
1760,1061
1761,1572
1762,0
1763,0
1764,0
1765,0
1766,67
1767,810
1768,95
1769,274
1770,8
1771,0
1772,16
1773,431
1774,31
1775,15
1776,117
1777,26
1778,0
1779,3
1780,310
1781,670455
1782,75
1783,174
1784,125
1785,0
1786,994
1787,225
1788,947
1789,370
1790,617
1791,0
1792,0
1793,0
1794,37
1795,993
1796,585
1797,107
1798,0
1799,0
1800,121
1801,169
1802,40
1803,13
1804,255
1805,57
1806,0
1807,0
1808,0
1809,268
1810,267
1811,568
1812,31753
1813,0
1814,283
1815,6
1816,62
1817,781
1818,237
1819,308
1820,0
1821,121
1822,920
1823,134
1824,196
1825,608
1826,77
1827,0
1828,65
1829,1332
1830,21
1831,297
1832,0
1833,0
1834,0
1835,0
1836,2
1837,150
1838,14
1839,0
1840,0
1841,0
1842,940
1843,1320
1844,219
1845,744
1846,1347
1847,6
1848,0
1849,2019
1850,327759
1851,1756
1852,255
1853,137
1854,587
1855,6
1856,509
1857,432
1858,146
1859,272
1860,500
1861,308
1862,0
1863,181
1864,395
1865,1125
1866,365
1867,1108
1868,0
1869,0
1870,310
1871,111
1872,77
1873,130
1874,117
1875,0
1876,0
1877,94
1878,14641
1879,2
1880,3476
1881,1601
1882,0
1883,0
1884,11
1885,5366
1886,120
1887,1734
1888,337
1889,151
1890,0
1891,672
1892,722
1893,128626
1894,835
1895,458
1896,189
1897,0
1898,0
1899,0
1900,296
1901,841
1902,211
1903,53
1904,0
1905,398
1906,74
1907,57
1908,274
1909,440
1910,478
1911,0
1912,166
1913,10059
1914,380
1915,958
1916,19
1917,27
1918,0
1919,1106
1920,208
1921,1022
1922,155
1923,576
1924,53
1925,0
1926,152
1927,292
1928,678
1929,303
1930,180
1931,0
1932,0
1933,5624
1934,2537
1935,117678
1936,2480
1937,30
1938,0
1939,0
1940,604004
1941,193
1942,330
1943,80
1944,643
1945,2
1946,0
1947,244
1948,363
1949,18
1950,249
1951,1015
1952,0
1953,0
1954,1452
1955,891
1956,484
1957,323
1958,392
1959,0
1960,0
1961,229
1962,484
1963,183
1964,0
1965,0
1966,0
1967,256
1968,6683
1969,1354
1970,1525
1971,2079
1972,40
1973,0
1974,0
1975,29
1976,463
1977,342
1978,441
1979,0
1980,0
1981,0
1982,571
1983,606
1984,631836
1985,305
1986,126
1987,152
1988,0
1989,3
1990,331
1991,1151
1992,2185
1993,496
1994,26
1995,0
1996,612
1997,627
1998,574
1999,614
2000,9891
2001,0
2002,0
2003,11
2004,3201
2005,847
2006,3
2007,0
2008,0
2009,0
2010,44
2011,103
2012,958
2013,4
2014,0
2015,0
2016,0
2017,943
2018,171
2019,135
2020,642
2021,489
2022,0
2023,0
2024,139
2025,1519
2026,1259
2027,559
2028,29
2029,0
2030,0
2031,421
2032,72
2033,844
2034,347
2035,1029
2036,48
2037,0
2038,355
2039,685
2040,185
2041,493
2042,169
2043,21
2044,0
2045,104
2046,1851
2047,522
2048,843
2049,295
2050,0
2051,0
2052,131954
2053,285
2054,415
2055,66
2056,404
2057,220
2058,0
2059,120
2060,231
2061,501
2062,163
2063,6
2064,39
2065,0
2066,2
2067,195
2068,308
2069,202
2070,62
2071,0
2072,0
2073,55
2074,155
2075,0
2076,171
2077,60
2078,4
2079,0
2080,3
2081,194
2082,269
2083,211
2084,470
2085,174
2086,0
2087,18
2088,265
2089,173
2090,110
2091,133
2092,44
2093,0
2094,215
2095,44
2096,88
2097,258
2098,33
2099,0
2100,0
2101,0
2102,2514
2103,151
2104,350
2105,220
2106,0
2107,0
2108,511
2109,0
2110,329
2111,16361
2112,148
2113,142
2114,134
2115,899
2116,434
2117,822
2118,252
2119,327
2120,0
2121,0
2122,40
2123,2370
2124,3819
2125,189
2126,141
2127,0
2128,0
2129,143
2130,1078
2131,49
2132,93
2133,529
2134,0
2135,0
2136,1912
2137,700
2138,928
2139,22
2140,764
2141,150
2142,0
2143,1249
2144,673
2145,3089
2146,850
2147,434
2148,12
2149,0
2150,3
2151,12184
2152,172
2153,162
2154,15
2155,0
2156,0
2157,102
2158,113
2159,144
2160,294
2161,21
2162,0
2163,0
2164,31
2165,52
2166,5641
2167,244
2168,1156
2169,0
2170,0
2171,134
2172,163
2173,71
2174,84
2175,402
2176,199
2177,4
2178,2321
2179,31
2180,52
2181,20
2182,56
2183,0
2184,0
2185,2242
2186,549
2187,83
2188,2073
2189,346
2190,0
2191,0
2192,5594
2193,9054
2194,258
2195,2709
2196,2768
2197,105
2198,0
2199,84
2200,8
2201,53
2202,2248
2203,0
2204,0
2205,0
2206,420
2207,5304
2208,2557
2209,220
2210,5605
2211,420
2212,0
2213,1049
2214,283
2215,2414
2216,1499
2217,2350
2218,26
2219,0
2220,2067
2221,1066
2222,381
2223,4007
2224,294
2225,95
2226,49
2227,11613
2228,1236
2229,421
2230,126
2231,6173
2232,1547
2233,0
2234,574
2235,263
2236,6049
2237,639
2238,3317
2239,0
2240,0
2241,2102
2242,2965
2243,5318
2244,303
2245,2709
2246,19
2247,0
2248,202
2249,2130
2250,110747
2251,780
2252,1278
2253,2
2254,0
2255,0
2256,0
2257,58
2258,608
2259,155
2260,0
2261,0
2262,0
2263,719
2264,695
2265,1089
2266,1238
2267,134
2268,0
2269,878
2270,395
2271,976
2272,354
2273,575
2274,43
2275,0
2276,273
2277,64147
2278,182
2279,270
2280,70
2281,20
2282,0
2283,196
2284,371
2285,370
2286,691
2287,3970
2288,0
2289,0
2290,586
2291,61569
2292,1302
2293,592
2294,405
2295,96
2296,0
2297,1564
2298,938
2299,312
2300,489
2301,298
2302,6
2303,0
2304,90
2305,291
2306,58
2307,7236
2308,31
2309,12011
2310,0
2311,3915
2312,126
2313,506
2314,483
2315,376
2316,0
2317,0
2318,4857
2319,849
2320,398
2321,225
2322,217
2323,0
2324,0
2325,292
2326,446
2327,1176
2328,221
2329,0
2330,260
2331,0
2332,7
2333,375
2334,8
2335,241
2336,71
2337,2
2338,6929
2339,75
2340,148
2341,400
2342,407
2343,71
2344,0
2345,0
2346,423
2347,184
2348,193
2349,1743
2350,483
2351,361
2352,0
2353,220
2354,282
2355,196
2356,816
2357,368
2358,46
2359,0
2360,201
2361,190
2362,112
2363,893
2364,4544
2365,0
2366,0
2367,201
2368,112
2369,2323
2370,560
2371,1717
2372,0
2373,0
2374,0
2375,119
2376,4
2377,260
2378,0
2379,0
2380,21
2381,1803
2382,265
2383,2182
2384,75293
2385,940
2386,514
2387,0
2388,389
2389,1243
2390,82
2391,847
2392,284
2393,0
2394,0
2395,75
2396,3190
2397,321
2398,601
2399,585
2400,97
2401,1370
2402,3450
2403,645
2404,5714
2405,19570
2406,1710
2407,0
2408,0
2409,211
2410,238
2411,437
2412,305
2413,130
2414,0
2415,0
2416,1849
2417,27
2418,237
2419,496
2420,1047
2421,1254
2422,0
2423,739
2424,612
2425,17010
2426,149
2427,495
2428,66
2429,0
2430,133
2431,1734
2432,538
2433,451
2434,3045
2435,106
2436,0
2437,730
2438,57
2439,121
2440,125
2441,37
2442,0
2443,0
2444,1303
2445,124
2446,185
2447,41363
2448,696
2449,0
2450,0
2451,462
2452,1235
2453,11847
2454,753
2455,61
2456,0
2457,0
2458,17972
2459,9938
2460,2145
2461,1682
2462,1717
2463,0
2464,0
2465,1547
2466,1062
2467,435
2468,685
2469,278
2470,0
2471,0
2472,673
2473,834
2474,721
2475,1110
2476,516
2477,0
2478,0
2479,184
2480,1578
2481,1024
2482,331
2483,344
2484,80
2485,0
2486,165
2487,649
2488,448
2489,736
2490,509
2491,0
2492,0
2493,221
2494,422
2495,478
2496,0
2497,255
2498,3
2499,0
2500,941
2501,172
2502,32
2503,263
2504,344
2505,0
2506,0
2507,3519
2508,366
2509,375
2510,480
2511,7555
2512,1128
2513,0
2514,435
2515,89
2516,1371
2517,441
2518,456
2519,0
2520,0
2521,964
2522,292
2523,2792
2524,61
2525,300
2526,0
2527,0
2528,661
2529,1629
2530,374
2531,314
2532,544
2533,50
2534,0
2535,7
2536,776
2537,43697
2538,3905
2539,119
2540,60
2541,0
2542,113
2543,92
2544,63
2545,128
2546,141
2547,0
2548,0
2549,74
2550,39
2551,130
2552,86
2553,2
2554,0
2555,0
2556,121
2557,38
2558,20
2559,159
2560,45
2561,0
2562,0
2563,0
2564,109
2565,43
2566,14
2567,2
2568,0
2569,0
2570,65034
2571,224
2572,19438
2573,360
2574,2181
2575,0
2576,0
2577,132
2578,176
2579,1715
2580,5
2581,6
2582,20
2583,0
2584,59
2585,432
2586,472
2587,1408
2588,2451
2589,0
2590,12
2591,1546
2592,1954
2593,71
2594,496
2595,244
2596,63
2597,0
2598,40
2599,789
2600,26
2601,203
2602,276
2603,4
2604,0
2605,433
2606,496
2607,28
2608,456
2609,94
2610,19
2611,0
2612,78
2613,31
2614,606
2615,61
2616,182
2617,0
2618,0
2619,72
2620,28
2621,0
2622,0
2623,0
2624,0
2625,0
2626,96
2627,91
2628,179
2629,131
2630,320
2631,0
2632,0
2633,434
2634,222
2635,380
2636,315
2637,836
2638,0
2639,0
2640,217
2641,40
2642,105
2643,522
2644,121
2645,1674
2646,0
2647,130
2648,73
2649,1530
2650,266
2651,208
2652,0
2653,0
2654,2659
2655,525
2656,1681
2657,1004
2658,239
2659,4
2660,166
2661,949
2662,20
2663,133
2664,722
2665,623
2666,84
2667,0
2668,167841
2669,3095
2670,19
2671,396
2672,7
2673,0
2674,0
2675,614
2676,249
2677,153
2678,184
2679,241
2680,0
2681,0
2682,337
2683,670
2684,1436
2685,2949
2686,21
2687,91
2688,0
2689,19
2690,350
2691,137731
2692,1284
2693,449
2694,0
2695,0
2696,141
2697,924
2698,283
2699,192
2700,148
2701,0
2702,0
2703,1579
2704,91
2705,299
2706,61
2707,395
2708,0
2709,0
2710,318
2711,404
2712,243
2713,381
2714,38
2715,0
2716,0
2717,231
2718,86
2719,197
2720,94
2721,257
2722,0
2723,0
2724,217
2725,3972
2726,11462
2727,130
2728,1290
2729,0
2730,0
2731,30
2732,347
2733,324
2734,28
2735,193
2736,0
2737,0
2738,0
2739,0
2740,0
2741,0
2742,0
2743,0
2744,0
2745,0
2746,4955
2747,534
2748,320
2749,92
2750,0
2751,3
2752,273
2753,47
2754,26774
2755,128
2756,1624
2757,0
2758,0
2759,139
2760,12
2761,701
2762,50
2763,1734
2764,0
2765,0
2766,595
2767,956
2768,415
2769,403
2770,340
2771,58795
2772,0
2773,79
2774,195
2775,172
2776,54
2777,615
2778,0
2779,0
2780,531
2781,510
2782,685
2783,20
2784,10765
2785,11
2786,0
2787,100
2788,4154
2789,398
2790,2316
2791,298
2792,14
2793,0
2794,62
2795,0
2796,1100
2797,122
2798,156
2799,0
2800,0
2801,21
2802,50
2803,107
2804,14
2805,80
2806,0
2807,0
2808,252
2809,102
2810,46
2811,42
2812,0
2813,39
2814,0
2815,0
2816,98
2817,34
2818,123
2819,1656
2820,0
2821,0
2822,76
2823,175
2824,132
2825,242
2826,224
2827,0
2828,0
2829,22
2830,167355
2831,69
2832,668
2833,3766
2834,0
2835,0
2836,144
2837,4883
2838,1961
2839,1539
2840,552
2841,0
2842,0
2843,552
2844,40
2845,636
2846,140
2847,272
2848,0
2849,0
2850,113
2851,236
2852,83
2853,146
2854,9166
2855,0
2856,0
2857,365
2858,247
2859,119
2860,300
2861,19
2862,0
2863,0
2864,100
2865,100
2866,278
2867,11
2868,54
2869,0
2870,0
2871,0
2872,0
2873,25
2874,1171
2875,10
2876,0
2877,0
2878,61
2879,43
2880,98
2881,15582
2882,2697
2883,0
2884,0
2885,0
2886,104
2887,4003548
2888,506
2889,49
2890,0
2891,0
2892,0
2893,244
2894,146
2895,4
2896,149
2897,0
2898,0
2899,649
2900,320
2901,37
2902,175
2903,176
2904,0
2905,0
2906,30
2907,1266
2908,6769
2909,591
2910,138
2911,0
2912,0
2913,26
2914,4
2915,22456
2916,224
2917,92
2918,0
2919,0
2920,12
2921,108
2922,126672
2923,133
2924,94
2925,0
2926,0
2927,0
2928,0
2929,25
2930,14
2931,121
2932,0
2933,0
2934,13250
2935,151
2936,445
2937,144
2938,0
2939,0
2940,0
2941,298
2942,254
2943,123
2944,33
2945,27
2946,0
2947,0
2948,245
2949,36
2950,7
2951,105
2952,62
2953,0
2954,0
2955,131
2956,97
2957,82
2958,3
2959,0
2960,0
2961,0
2962,0
2963,0
2964,0
2965,39
2966,0
2967,14
2968,0
2969,1425
2970,47
2971,0
2972,299
2973,36
2974,0
2975,0
2976,422
2977,18
2978,106
2979,202
2980,14
2981,0
2982,0
2983,125
2984,290
2985,0
2986,0
2987,0
2988,0
2989,0
2990,0
2991,43
2992,0
2993,399
2994,247
2995,49
2996,0
2997,582
2998,106
2999,369
3000,1235
3001,61
3002,0
3003,0
3004,392
3005,32
3006,662
3007,292
3008,1040
3009,0
3010,0
3011,183
3012,83
3013,1305
3014,365
3015,266
3016,0
3017,0
3018,0
3019,102
3020,0
3021,95
3022,0
3023,0
3024,0
3025,0
3026,0
3027,0
3028,0
3029,53605
3030,17
3031,0
3032,517
3033,222
3034,3650
3035,276
3036,22
3037,0
3038,0
3039,10
3040,643
3041,14
3042,35
3043,0
3044,0
3045,0
3046,65
3047,72
3048,17
3049,15
3050,365
3051,0
3052,0
3053,0
3054,0
3055,0
3056,560
3057,103
3058,0
3059,0
3060,0
3061,0
3062,2
3063,0
3064,7
3065,0
3066,0
3067,0
3068,0
3069,29
3070,940
3071,0
3072,0
3073,0
3074,0
3075,2661
3076,157
3077,0
3078,712
3079,182
3080,0
3081,180
3082,16
3083,260
3084,0
3085,248
3086,0
3087,0
3088,20
3089,0
3090,0
3091,33
3092,254
3093,0
3094,0
3095,70
3096,61
3097,0
3098,0
3099,475
3100,0
3101,1239
3102,0
3103,0
3104,0
3105,0
3106,0
3107,0
3108,0
3109,0
3110,0
3111,37
3112,55
3113,0
3114,0
3115,0
3116,482
3117,1200
3118,0
3119,0
3120,72
3121,0
3122,0
3123,0
3124,233
3125,0
3126,0
3127,38
3128,0
3129,0
3130,0
3131,0
3132,0
3133,0
3134,0
3135,0
3136,0
3137,0
3138,199
3139,223
3140,0
3141,87
3142,0
3143,0
3144,15
3145,210
3146,0
3147,5758
3148,221
3149,0
3150,0
3151,45
3152,21
3153,392
3154,86
3155,570
3156,46
3157,0
3158,0
3159,23
3160,62
3161,62
3162,45
3163,0
3164,0
3165,222
3166,171404
3167,261
3168,199466
3169,51573
3170,25
3171,0
3172,10
3173,794
3174,8
3175,0
3176,7086
3177,88
3178,0
3179,46
3180,704
3181,1483
3182,0
3183,57443
3184,0
3185,0
3186,0
3187,4210
3188,10
3189,3
3190,9088
3191,0
3192,0
3193,194
3194,1865
3195,225939
3196,2006
3197,447
3198,0
3199,0
3200,101524
3201,22
3202,1849
3203,203
3204,23
3205,0
3206,0
3207,28
3208,72
3209,1003
3210,1499
3211,9083
3212,1935
3213,0
3214,1545
3215,583
3216,5415
3217,153
3218,31
3219,0
3220,0
3221,132
3222,142
3223,660
3224,60
3225,425
3226,151
3227,0
3228,12
3229,11
3230,0
3231,6
3232,0
3233,0
3234,15
3235,983
3236,0
3237,435
3238,0
3239,0
3240,0
3241,0
3242,0
3243,537
3244,331
3245,222
3246,32
3247,0
3248,0
3249,172
3250,0
3251,402
3252,131
3253,172
3254,2
3255,0
3256,0
3257,0
3258,92
3259,16
3260,193
3261,0
3262,0
3263,1242
3264,66
3265,0
3266,147
3267,56
3268,19
3269,0
3270,0
3271,95
3272,71
3273,0
3274,0
3275,0
3276,0
3277,107
3278,0
3279,17
3280,24
3281,62
3282,205
3283,0
3284,550
3285,0
3286,6270
3287,2580
3288,0
3289,0
3290,0
3291,0
3292,48
3293,0
3294,23
3295,0
3296,114
3297,0
3298,7667
3299,17914
3300,125441
3301,388
3302,117
3303,0
3304,0
3305,314
3306,900
3307,2265
3308,223
3309,350
3310,0
3311,0
3312,593
3313,976
3314,630
3315,499
3316,8221
3317,430
3318,0
3319,74
3320,110
3321,293
3322,36
3323,0
3324,0
3325,0
3326,289
3327,0
3328,529
3329,404
3330,81
3331,1039
3332,0
3333,225
3334,38
3335,1845
3336,6
3337,0
3338,88
3339,0
3340,0
3341,2023
3342,23
3343,18
3344,1870
3345,36
3346,0
3347,29836
3348,73915
3349,2248
3350,12
3351,0
3352,0
3353,0
3354,0
3355,0
3356,0
3357,0
3358,3571
3359,0
3360,0
3361,38
3362,531
3363,48
3364,15
3365,545
3366,0
3367,0
3368,2579
3369,3603
3370,0
3371,2
3372,1375
3373,173
3374,0
3375,62
3376,2065
3377,913
3378,92
3379,8
3380,0
3381,0
3382,234
3383,356
3384,23
3385,181
3386,316
3387,2
3388,0
3389,51
3390,6406
3391,359
3392,53
3393,1401
3394,0
3395,0
3396,0
3397,1635
3398,18
3399,53
3400,6
3401,0
3402,13
3403,86
3404,0
3405,49
3406,95
3407,22
3408,786
3409,90
3410,67
3411,4
3412,1427
3413,338
3414,941
3415,0
3416,0
3417,897
3418,90
3419,222
3420,1966
3421,1095
3422,326
3423,0
3424,0
3425,201
3426,24360
3427,40
3428,223
3429,104
3430,0
3431,475
3432,66521
3433,156
3434,107338
3435,882
3436,37
3437,0
3438,72
3439,2135
3440,0
3441,23383
3442,0
3443,0
3444,0
3445,10
3446,2018
3447,2
3448,789
3449,2767
3450,0
3451,111
3452,172
3453,24061
3454,0
3455,29
3456,0
3457,156
3458,0
3459,38573
3460,9703
3461,0
3462,38
3463,583
3464,0
3465,0
3466,0
3467,0
3468,0
3469,0
3470,0
3471,630
3472,0
3473,0
3474,70
3475,245
3476,665
3477,436
3478,120
3479,0
3480,2651
3481,278
3482,955
3483,297
3484,1062
3485,0
3486,0
3487,2563
3488,0
3489,1172
3490,7
3491,6
3492,0
3493,0
3494,0
3495,0
3496,0
3497,9
3498,0
3499,0
3500,0
3501,0
3502,1551
3503,92
3504,0
3505,2441
3506,146
3507,0
3508,1518
3509,13074
3510,656
3511,133
3512,83
3513,0
3514,0
3515,401
3516,144
3517,307
3518,462
3519,101
3520,0
3521,0
3522,0
3523,0
3524,106
3525,56
3526,0
3527,114
3528,0
3529,203
3530,1247
3531,714
3532,136416
3533,0
3534,0
3535,0
3536,2217
3537,509
3538,312
3539,129
3540,0
3541,0
3542,0
3543,342
3544,59
3545,97
3546,264
3547,0
3548,12
3549,0
3550,977
3551,782
3552,488
3553,27
3554,256
3555,14
3556,0
3557,340
3558,224
3559,142
3560,2158
3561,2404
3562,6
3563,0
3564,353
3565,121
3566,617
3567,235
3568,2879
3569,43
3570,0
3571,190
3572,1047
3573,599
3574,513187
3575,1012136
3576,0
3577,0
3578,1878
3579,39
3580,529
3581,378
3582,3578
3583,0
3584,0
3585,209
3586,1493
3587,41
3588,555
3589,74
3590,0
3591,4
3592,199
3593,905
3594,46
3595,465
3596,266
3597,0
3598,0
3599,143
3600,108
3601,90
3602,620
3603,726
3604,0
3605,0
3606,348
3607,25455
3608,0
3609,70
3610,180
3611,0
3612,0
3613,84
3614,90
3615,39
3616,5
3617,6092
3618,0
3619,0
3620,0
3621,0
3622,36
3623,137
3624,112
3625,98
3626,0
3627,222
3628,2
3629,14609
3630,9140
3631,28
3632,0
3633,0
3634,12591
3635,418
3636,9
3637,21141
3638,2470
3639,0
3640,0
3641,6
3642,22095
3643,27
3644,1523
3645,105
3646,0
3647,0
3648,9
3649,457
3650,88
3651,658
3652,421561
3653,0
3654,0
3655,9237
3656,38
3657,687
3658,0
3659,885
3660,0
3661,0
3662,0
3663,5
3664,38
3665,16
3666,908
3667,0
3668,0
3669,104
3670,565
3671,0
3672,1172
3673,0
3674,0
3675,0
3676,1609
3677,9
3678,175
3679,337
3680,81
3681,443
3682,6
3683,160
3684,1413
3685,366
3686,5
3687,0
3688,0
3689,198
3690,1092
3691,53505
3692,18
3693,54
3694,0
3695,13
3696,0
3697,16721
3698,457
3699,0
3700,193
3701,48547
3702,35
3703,179
3704,2
3705,72
3706,118
3707,210
3708,0
3709,14
3710,0
3711,8693
3712,0
3713,0
3714,0
3715,0
3716,0
3717,0
3718,0
3719,4
3720,216
3721,3
3722,0
3723,0
3724,0
3725,5955
3726,1911
3727,122
3728,23007
3729,12
3730,308
3731,79
3732,341
3733,1706
3734,236
3735,0
3736,0
3737,0
3738,0
3739,42
3740,9
3741,103167
3742,83
3743,0
3744,0
3745,0
3746,8
3747,4197
3748,246
3749,265
3750,2595
3751,0
3752,0
3753,371
3754,35
3755,521
3756,171
3757,654
3758,0
3759,0
3760,0
3761,9210
3762,43
3763,212652
3764,3190
3765,7
3766,1787
3767,15
3768,42124
3769,4385
3770,2
3771,263468
3772,0
3773,0
3774,0
3775,37
3776,616
3777,224
3778,25
3779,0
3780,0
3781,11
3782,28
3783,98
3784,95
3785,51
3786,0
3787,0
3788,0
3789,31
3790,0
3791,21
3792,2
3793,0
3794,0
3795,141
3796,279
3797,1083
3798,7776
3799,258
3800,91
3801,0
3802,203
3803,659
3804,241
3805,939
3806,0
3807,0
3808,0
3809,536
3810,163
3811,4
3812,174
3813,143
3814,0
3815,0
3816,498
3817,40120
3818,468
3819,68
3820,233
3821,0
3822,0
3823,66
3824,6333
3825,7
3826,144
3827,11382
3828,73
3829,8
3830,1192
3831,10
3832,59
3833,28
3834,14
3835,35
3836,0
3837,91
3838,9945
3839,35
3840,196
3841,77
3842,0
3843,0
3844,57
3845,2587
3846,0
3847,2950
3848,396
3849,829
3850,147
3851,1177
3852,56
3853,364
3854,738
3855,96
3856,33
3857,21
3858,88
3859,6
3860,923
3861,7
3862,895
3863,6
3864,0
3865,11
3866,3
3867,9812
3868,7003
3869,341
3870,0
3871,0
3872,59
3873,1698
3874,31
3875,334
3876,215
3877,0
3878,0
3879,599
3880,319
3881,67
3882,0
3883,8
3884,0
3885,0
3886,39
3887,92
3888,7096
3889,378
3890,0
3891,0
3892,0
3893,927
3894,7727
3895,458
3896,1241
3897,38837
3898,312
3899,0
3900,24
3901,325
3902,2501
3903,372
3904,0
3905,594
3906,721
3907,203
3908,226
3909,1129
3910,0
3911,0
3912,0
3913,512
3914,1986
3915,186
3916,0
3917,14504
3918,32
3919,0
3920,36
3921,2917
3922,150
3923,7
3924,178
3925,3
3926,0
3927,0
3928,0
3929,30457
3930,90
3931,134
3932,48
3933,0
3934,2
3935,13
3936,38380
3937,229
3938,360
3939,86
3940,87
3941,0
3942,0
3943,41956
3944,109
3945,152
3946,2
3947,121
3948,0
3949,192
3950,706
3951,1678
3952,153
3953,16791
3954,144
3955,8
3956,0
3957,0
3958,0
3959,5
3960,635
3961,0
3962,0
3963,62
3964,187
3965,66
3966,404
3967,107567
3968,2
3969,3
3970,25289
3971,53
3972,98
3973,57784
3974,32
3975,56
3976,5
3977,205
3978,1048
3979,235
3980,102
3981,62
3982,0
3983,221
3984,30401
3985,11
3986,125
3987,5045
3988,806
3989,141
3990,99
3991,112
3992,14276
3993,0
3994,1908
3995,0
3996,0
3997,0
3998,0
3999,0
4000,0
4001,0
4002,0
4003,0
