DAY,AMOUNT
1,3253
2,0
3,0
4,0
5,0
6,0
7,0
8,0
9,0
10,1113
11,273
12,0
13,0
14,0
15,818
16,0
17,258
18,81
19,0
20,0
21,427
22,0
23,0
24,337
25,0
26,0
27,0
28,836
29,0
30,0
31,0
32,0
33,245
34,0
35,0
36,0
37,411
38,132
39,158
40,0
41,0
42,319
43,295
44,93
45,0
46,0
47,0
48,0
49,0
50,0
51,0
52,180
53,64
54,0
55,0
56,0
57,0
58,0
59,0
60,92
61,0
62,0
63,0
64,0
65,0
66,0
67,0
68,0
69,0
70,0
71,0
72,0
73,0
74,0
75,0
76,0
77,0
78,0
79,0
80,0
81,0
82,0
83,0
84,0
85,0
86,0
87,0
88,0
89,0
90,0
91,0
92,0
93,0
94,0
95,0
96,0
97,0
98,0
99,0
100,0
101,0
102,0
103,0
104,0
105,0
106,0
107,0
108,0
109,0
110,0
111,0
112,0
113,0
114,0
115,0
116,0
117,0
118,0
119,656
120,116
121,166
122,72
123,318
124,0
125,0
126,0
127,711
128,205
129,0
130,0
131,0
132,1018
133,0
134,197
135,0
136,268
137,4
138,6
139,0
140,910
141,513
142,0
143,627
144,189
145,0
146,0
147,0
148,0
149,0
150,0
151,0
152,0
153,0
154,0
155,0
156,0
157,1728
158,280
159,0
160,0
161,0
162,0
163,142
164,0
165,0
166,0
167,0
168,0
169,33
170,0
171,138
172,96
173,0
174,222
175,0
176,147
177,128
178,219
179,0
180,0
181,0
182,0
183,0
184,0
185,1463
186,0
187,0
188,0
189,0
190,620
191,211
192,0
193,0
194,0
195,0
196,0
197,0
198,0
199,0
200,0
201,0
202,0
203,0
204,0
205,381
206,0
207,0
208,0
209,0
210,0
211,318
212,288
213,0
214,0
215,0
216,0
217,0
218,757
219,24
220,0
221,0
222,0
223,0
224,0
225,0
226,0
227,1303
228,0
229,0
230,0
231,0
232,75
233,0
234,0
235,0
236,0
237,0
238,0
239,0
240,0
241,0
242,0
243,0
244,0
245,0
246,1792
247,289
248,169
249,497
250,0
251,0
252,842
253,172
254,0
255,150
256,0
257,0
258,0
259,153
260,70
261,7
262,38
263,288
264,0
265,0
266,240
267,0
268,0
269,0
270,0
271,0
272,0
273,0
274,394
275,10
276,0
277,0
278,0
279,0
280,750
281,369
282,397
283,424
284,267
285,0
286,0
287,1510
288,533
289,1041
290,155
291,143
292,0
293,0
294,0
295,898
296,0
297,520
298,175
299,0
300,0
301,1192
302,340
303,181
304,0
305,239
306,0
307,0
308,0
309,0
310,881
311,53
312,0
313,0
314,110
315,0
316,0
317,0
318,0
319,0
320,0
321,0
322,0
323,0
324,0
325,138
326,0
327,0
328,0
329,0
330,351
331,293
332,195
333,223
334,0
335,0
336,547
337,0
338,0
339,135
340,130
341,0
342,0
343,0
344,0
345,0
346,0
347,72
348,0
349,382
350,33
351,54
352,42
353,0
354,0
355,0
356,0
357,0
358,0
359,0
360,0
361,166
362,0
363,0
364,0
365,0
366,265
367,110
368,194
369,0
370,149
371,2
372,0
373,0
374,147
375,0
376,0
377,0
378,0
379,0
380,0
381,0
382,0
383,0
384,0
385,0
386,0
387,0
388,0
389,0
390,0
391,0
392,0
393,0
394,0
395,0
396,0
397,0
398,0
399,0
400,0
401,0
402,0
403,0
404,0
405,0
406,0
407,0
408,0
409,0
410,0
411,0
412,0
413,0
414,0
415,295
416,0
417,249
418,0
419,231
420,0
421,0
422,0
423,153
424,836
425,0
426,0
427,30
428,257
429,215
430,177
431,394
432,0
433,569
434,147
435,251
436,0
437,664
438,6
439,0
440,95
441,118
442,525
443,759
444,611
445,190
446,0
447,0
448,1056
449,191
450,687
451,398
452,241
453,0
454,1401
455,1533
456,303
457,288
458,0
459,0
460,0
461,1657
462,483
463,213
464,28
465,569
466,885
467,0
468,689
469,30
470,660
471,348
472,399
473,209
474,0
475,0
476,0
477,1927
478,167
479,412
480,672
481,0
482,1209
483,239
484,35
485,0
486,498
487,210
488,0
489,0
490,349
491,190
492,0
493,0
494,0
495,0
496,823
497,14
498,0
499,0
500,0
501,189
502,0
503,0
504,85
505,0
506,0
507,507
508,2
509,0
510,0
511,0
512,0
513,0
514,0
515,0
516,0
517,0
518,1929
519,88
520,0
521,488
522,31
523,0
524,0
525,0
526,289
527,120
528,246
529,101
530,0
531,11
532,13
533,113
534,62
535,129
536,83
537,0
538,0
539,330
540,127
541,342
542,495
543,418
544,0
545,148
546,236
547,125
548,17
549,68
550,0
551,0
552,0
553,501
554,87
555,494
556,114
557,0
558,0
559,0
560,0
561,436
562,28
563,30
564,63
565,0
566,0
567,648
568,287
569,120
570,103
571,0
572,0
573,240
574,53
575,441
576,34
577,983
578,299
579,0
580,0
581,0
582,545
583,201
584,177
585,274
586,0
587,171
588,0
589,1043
590,0
591,0
592,180
593,0
594,0
595,0
596,163
597,0
598,22
599,18
600,0
601,0
602,451
603,136
604,265
605,206
606,262
607,0
608,370
609,0
610,0
611,0
612,233
613,93
614,0
615,0
616,402
617,183
618,886
619,358
620,197
621,0
622,214
623,8
624,29
625,540
626,0
627,32
628,0
629,383
630,18
631,0
632,54
633,2
634,0
635,0
636,0
637,0
638,13
639,0
640,0
641,0
642,0
643,0
644,18
645,6
646,208
647,0
648,87
649,0
650,0
651,0
652,242
653,0
654,143
655,353
656,0
657,0
658,0
659,240
660,88
661,0
662,938
663,0
664,0
665,0
666,146
667,0
668,0
669,19
670,0
671,318
672,0
673,11
674,223
675,188
676,5
677,0
678,0
679,0
680,612
681,284
682,290
683,63
684,0
685,176
686,351
687,24
688,445
689,513
690,176
691,0
692,461
693,190
694,0
695,135
696,0
697,272
698,0
699,0
700,895
701,117
702,696
703,296
704,91
705,0
706,140
707,13
708,106
709,391
710,296
711,520
712,0
713,483
714,0
715,0
716,0
717,0
718,134
719,0
720,88
721,73
722,0
723,54
724,0
725,91
726,0
727,0
728,0
729,0
730,0
731,0
732,0
733,0
734,0
735,0
736,0
737,0
738,0
739,0
740,0
741,0
742,0
743,0
744,0
745,0
746,0
747,0
748,0
749,7
750,0
751,0
752,0
753,616
754,0
755,263
756,71
757,135
758,0
759,0
760,213
761,0
762,286
763,138
764,647
765,112
766,610
767,87
768,105
769,0
770,87
771,284
772,93
773,62
774,128
775,0
776,85
777,9
778,96
779,203
780,558
781,53
782,0
783,24
784,211
785,1154
786,406
787,69
788,55
789,0
790,218
791,1555
792,0
793,0
794,0
795,0
796,0
797,0
798,938
799,0
800,0
801,0
802,0
803,0
804,0
805,0
806,0
807,0
808,2504
809,0
810,0
811,0
812,780
813,36
814,0
815,0
816,0
817,0
818,0
819,0
820,0
821,0
822,0
823,0
824,0
825,0
826,0
827,0
828,0
829,2990
830,23
831,0
832,0
833,0
834,0
835,0
836,0
837,0
838,879
839,0
840,0
841,0
842,0
843,571
844,38
845,0
846,0
847,0
848,0
849,0
850,973
851,0
852,0
853,0
854,83
855,0
856,0
857,0
858,0
859,0
860,0
861,0
862,0
863,0
864,0
865,0
866,0
867,0
868,0
869,748
870,0
871,0
872,0
873,0
874,0
875,0
876,0
877,0
878,0
879,0
880,0
881,0
882,0
883,0
884,0
885,0
886,0
887,0
888,0
889,0
890,0
891,0
892,0
893,0
894,0
895,0
896,0
897,5451
898,181
899,0
900,0
901,0
902,0
903,0
904,649
905,0
906,0
907,0
908,0
909,0
910,0
911,0
912,0
913,2300
914,0
915,0
916,0
917,0
918,0
919,898
920,0
921,0
922,0
923,0
924,0
925,0
926,468
927,183
928,0
929,0
930,0
931,0
932,696
933,0
934,164
935,0
936,0
937,0
938,0
939,900
940,0
941,0
942,1229
943,0
944,0
945,0
946,0
947,0
948,0
949,0
950,0
951,0
952,0
953,0
954,0
955,0
956,0
957,2880
958,0
959,0
960,880
961,0
962,0
963,0
964,0
965,0
966,376
967,0
968,0
969,0
970,0
971,0
972,0
973,0
974,0
975,0
976,0
977,1903
978,0
979,0
980,0
981,0
982,0
983,0
984,0
985,0
986,0
987,0
988,0
989,0
990,0
991,0
992,0
993,0
994,0
995,0
996,0
997,0
998,0
999,0
1000,0
1001,0
1002,0
1003,0
1004,0
1005,0
1006,0
1007,0
1008,0
1009,0
1010,0
1011,7084
1012,0
1013,135
1014,0
1015,60
1016,0
1017,0
1018,621
1019,0
1020,0
1021,0
1022,182
1023,0
1024,0
1025,79
1026,0
1027,0
1028,0
1029,0
1030,0
1031,0
1032,0
1033,0
1034,0
1035,0
1036,0
1037,1321
1038,0
1039,0
1040,0
1041,0
1042,0
1043,0
1044,0
1045,577
1046,0
1047,0
1048,0
1049,0
1050,0
1051,0
1052,0
1053,165
1054,0
1055,0
1056,0
1057,0
1058,0
1059,0
1060,0
1061,0
1062,0
1063,0
1064,0
1065,0
1066,0
1067,0
1068,2318
1069,0
1070,0
1071,0
1072,0
1073,0
1074,500
1075,0
1076,0
1077,0
1078,0
1079,0
1080,0
1081,0
1082,0
1083,0
1084,0
1085,113
1086,0
1087,0
1088,0
1089,0
1090,0
1091,0
1092,0
1093,0
1094,0
1095,0
1096,0
1097,0
1098,0
1099,0
1100,0
1101,0
1102,0
1103,0
1104,0
1105,0
1106,0
1107,0
1108,0
1109,0
1110,54
1111,0
1112,0
1113,0
1114,81
1115,0
1116,0
1117,0
1118,0
1119,0
1120,0
1121,266
1122,0
1123,0
1124,0
1125,0
1126,0
1127,0
1128,1166
1129,0
1130,732
1131,0
1132,0
1133,0
1134,0
1135,0
1136,0
1137,0
1138,0
1139,0
1140,0
1141,0
1142,0
1143,0
1144,0
1145,1331
1146,0
1147,0
1148,0
1149,0
1150,0
1151,0
1152,771
1153,0
1154,0
1155,185
1156,509
1157,174
1158,0
1159,427
1160,0
1161,0
1162,198
1163,0
1164,1087
1165,0
1166,0
1167,0
1168,0
1169,0
1170,0
1171,1846
1172,0
1173,213
1174,0
1175,0
1176,360
1177,0
1178,0
1179,250
1180,0
1181,0
1182,0
1183,0
1184,0
1185,0
1186,0
1187,0
1188,0
1189,0
1190,0
1191,0
1192,2301
1193,23
1194,0
1195,0
1196,0
1197,0
1198,2198
1199,0
1200,0
1201,0
1202,0
1203,0
1204,0
1205,0
1206,0
1207,0
1208,0
1209,1513
1210,0
1211,0
1212,0
1213,0
1214,0
1215,0
1216,0
1217,0
1218,1054
1219,0
1220,132
1221,0
1222,0
1223,0
1224,0
1225,0
1226,0
1227,0
1228,0
1229,1630
1230,0
1231,467
1232,0
1233,0
1234,0
1235,0
1236,0
1237,0
1238,0
1239,1041
1240,0
1241,247
1242,0
1243,0
1244,0
1245,0
1246,0
1247,0
1248,0
1249,0
1250,0
1251,0
1252,0
1253,0
1254,0
1255,483
1256,0
1257,0
1258,0
1259,0
1260,1869
1261,135
1262,0
1263,0
1264,0
1265,0
1266,0
1267,0
1268,97
1269,0
1270,0
1271,0
1272,0
1273,0
1274,0
1275,0
1276,485
1277,0
1278,119
1279,0
1280,0
1281,0
1282,0
1283,1064
1284,0
1285,0
1286,0
1287,0
1288,0
1289,0
1290,0
1291,171
1292,0
1293,0
1294,0
1295,98
1296,0
1297,90
1298,0
1299,0
1300,0
1301,0
1302,0
1303,0
1304,0
1305,0
1306,0
1307,0
1308,0
1309,0
1310,0
1311,0
1312,0
1313,261
1314,17
1315,0
1316,0
1317,0
1318,132
1319,0
1320,0
1321,0
1322,0
1323,0
1324,74
1325,0
1326,0
1327,0
1328,0
1329,0
1330,0
1331,53
1332,0
1333,0
1334,0
1335,0
1336,0
1337,0
1338,0
1339,575
1340,0
1341,429
1342,0
1343,0
1344,0
1345,0
1346,0
1347,0
1348,1053
1349,0
1350,0
1351,320
1352,0
1353,532
1354,0
1355,114
1356,0
1357,0
1358,0
1359,0
1360,780
1361,0
1362,0
1363,0
1364,0
1365,0
1366,0
1367,0
1368,438
1369,0
1370,419
1371,0
1372,0
1373,0
1374,0
1375,804
1376,0
1377,0
1378,0
1379,0
1380,0
1381,0
1382,0
1383,0
1384,0
1385,0
1386,0
1387,891
1388,0
1389,0
1390,0
1391,0
1392,0
1393,1030
1394,0
1395,31
1396,0
1397,0
1398,0
1399,0
1400,0
1401,0
1402,0
1403,0
1404,0
1405,0
1406,0
1407,0
1408,0
1409,0
1410,0
1411,0
1412,0
1413,0
1414,0
1415,0
1416,0
1417,0
1418,0
1419,0
1420,0
1421,0
1422,0
1423,1467
1424,0
1425,24
1426,0
1427,0
1428,104
1429,0
1430,0
1431,0
1432,440
1433,0
1434,0
1435,0
1436,236
1437,0
1438,0
1439,0
1440,0
1441,0
1442,0
1443,0
1444,0
1445,0
1446,0
1447,0
1448,0
1449,0
1450,0
1451,0
1452,0
1453,911
1454,0
1455,0
1456,0
1457,0
1458,0
1459,0
1460,288
1461,0
1462,0
1463,0
1464,0
1465,286
1466,0
1467,0
1468,0
1469,0
1470,217
1471,0
1472,62
1473,0
1474,32
1475,0
1476,0
1477,0
1478,0
1479,0
1480,0
1481,0
1482,0
1483,0
1484,182
1485,0
1486,1070
1487,0
1488,10
1489,0
1490,0
1491,0
1492,0
1493,0
1494,25
1495,0
1496,0
1497,0
1498,0
1499,0
1500,0
1501,54
1502,11
1503,2
1504,0
1505,625
1506,0
1507,0
1508,0
1509,3
1510,0
1511,5
1512,17
1513,1015
1514,0
1515,0
1516,0
1517,0
1518,38
1519,336
1520,4
1521,0
1522,7
1523,47
1524,0
1525,0
1526,363
1527,100
1528,108
1529,54
1530,345
1531,0
1532,0
1533,37
1534,6
1535,125
1536,88
1537,24
1538,0
1539,0
1540,306
1541,474
1542,103
1543,0
1544,0
1545,491
1546,0
1547,32
1548,119
1549,0
1550,2
1551,0
1552,0
1553,0
1554,18
1555,0
1556,0
1557,0
1558,0
1559,0
1560,0
1561,46
1562,110
1563,99
1564,58
1565,85
1566,9
1567,2
1568,926
1569,0
1570,23
1571,22
1572,0
1573,0
1574,60
1575,315
1576,2
1577,0
1578,0
1579,0
1580,0
1581,34
1582,1438
1583,3
1584,42
1585,0
1586,0
1587,0
1588,0
1589,237
1590,271
1591,132
1592,15
1593,67
1594,0
1595,0
1596,10
1597,68
1598,0
1599,84
1600,20
1601,59
1602,78
1603,249
1604,0
1605,0
1606,125
1607,97
1608,0
1609,0
1610,0
1611,0
1612,1426
1613,0
1614,0
1615,416
1616,155
1617,2
1618,158
1619,25
1620,192
1621,245
1622,0
1623,0
1624,84
1625,4
1626,14
1627,125
1628,158
1629,215
1630,58
1631,0
1632,17
1633,46
1634,196
1635,0
1636,25
1637,0
1638,23
1639,0
1640,2
1641,0
1642,0
1643,0
1644,4
1645,63
1646,0
1647,0
1648,0
1649,47
1650,0
1651,4
1652,57
1653,0
1654,167
1655,24
1656,742
1657,10
1658,0
1659,72
1660,46
1661,6
1662,0
1663,15
1664,0
1665,0
1666,0
1667,0
1668,0
1669,0
1670,0
1671,0
1672,0
1673,0
1674,16
1675,6
1676,0
1677,0
1678,0
1679,0
1680,0
1681,0
1682,0
1683,0
1684,0
1685,0
1686,0
1687,3348
1688,0
1689,2
1690,0
1691,7
1692,0
1693,0
1694,56
1695,0
1696,2
1697,15
1698,28
1699,67
1700,11
1701,69
1702,2
1703,0
1704,0
1705,0
1706,0
1707,0
1708,0
1709,41
1710,0
1711,0
1712,0
1713,0
1714,0
1715,0
1716,0
1717,159
1718,888
1719,0
1720,25
1721,35
1722,79
1723,68
1724,0
1725,0
1726,2
1727,0
1728,0
1729,0
1730,8
1731,4
1732,0
1733,0
1734,18
1735,2
1736,199
1737,0
1738,0
1739,0
1740,0
1741,0
1742,0
1743,0
1744,0
1745,0
1746,2
1747,0
1748,8
1749,0
1750,57
1751,0
1752,0
1753,0
1754,0
1755,0
1756,0
1757,57
1758,122
1759,23
1760,0
1761,0
1762,0
1763,9
1764,146
1765,73
1766,27
1767,7
1768,25
1769,0
1770,0
1771,470
1772,0
1773,0
1774,18
1775,12
1776,11
1777,71
1778,0
1779,0
1780,0
1781,0
1782,0
1783,0
1784,0
1785,0
1786,0
1787,0
1788,0
1789,0
1790,0
1791,0
1792,0
1793,0
1794,0
1795,0
1796,5
1797,0
1798,6
1799,110
1800,107
1801,19
1802,327
1803,216
1804,0
1805,27
1806,76
1807,116
1808,0
1809,10
1810,584
1811,2
1812,61
1813,81
1814,5
1815,0
1816,0
1817,0
1818,80
1819,410
1820,87
1821,0
1822,279
1823,0
1824,0
1825,0
1826,0
1827,61
1828,80
1829,0
1830,176
1831,48
1832,0
1833,322
1834,0
1835,45
1836,194
1837,0
1838,0
1839,0
1840,0
1841,113
1842,2
1843,0
1844,0
1845,30
1846,0
1847,0
1848,61
1849,50
1850,65
1851,31
1852,6
1853,1199
1854,0
1855,75
1856,0
1857,0
1858,0
1859,0
1860,0
1861,30
1862,0
1863,54
1864,0
1865,2025
1866,287
1867,1197
1868,0
1869,0
1870,0
1871,25
1872,3
1873,77
1874,5
1875,0
1876,19
1877,0
1878,62
1879,144
1880,2
1881,3
1882,0
1883,69
1884,5
1885,0
1886,0
1887,0
1888,0
1889,0
1890,33
1891,14
1892,7
1893,0
1894,0
1895,0
1896,150
1897,125
1898,101
1899,4
1900,93
1901,0
1902,0
1903,0
1904,208
1905,66
1906,0
1907,0
1908,333
1909,0
1910,0
1911,52
1912,0
1913,0
1914,0
1915,0
1916,0
1917,0
1918,0
1919,2
1920,0
1921,33
1922,37
1923,0
1924,265
1925,0
1926,0
1927,0
1928,109
1929,0
1930,0
1931,0
1932,0
1933,0
1934,0
1935,0
1936,2172
1937,20
1938,0
1939,0
1940,762
1941,629
1942,0
1943,2
1944,32
1945,0
1946,409
1947,0
1948,0
1949,0
1950,128
1951,0
1952,184
1953,89
1954,2
1955,2
1956,0
1957,0
1958,0
1959,62
1960,87
1961,18
1962,109
1963,72
1964,59
1965,109
1966,0
1967,26
1968,242
1969,64
1970,951
1971,8
1972,154
1973,110
1974,0
1975,0
1976,0
1977,218
1978,52
1979,0
1980,0
1981,0
1982,125
1983,4
1984,9
1985,0
1986,0
1987,0
1988,0
1989,0
1990,0
1991,0
1992,0
1993,0
1994,0
1995,0
1996,4
1997,0
1998,3
1999,22
2000,0
2001,0
2002,4
2003,9
2004,0
2005,17
2006,29
2007,0
2008,0
2009,0
2010,0
2011,2
2012,30
2013,0
2014,0
2015,0
2016,103
2017,24
2018,244
2019,0
2020,6
2021,62
2022,0
2023,0
2024,19
2025,0
2026,0
2027,0
2028,0
2029,0
2030,0
2031,0
2032,0
2033,114
2034,0
2035,0
2036,0
2037,14
2038,14
2039,31
2040,19
2041,0
2042,0
2043,0
2044,56
2045,4
2046,178
2047,39
2048,0
2049,0
2050,25
2051,28
2052,249
2053,0
2054,0
2055,0
2056,0
2057,11
2058,12
2059,0
2060,0
2061,0
2062,0
2063,0
2064,0
2065,0
2066,0
2067,0
2068,0
2069,0
2070,0
2071,0
2072,0
2073,0
2074,51
2075,35
2076,4
2077,25
2078,48
2079,0
2080,0
2081,6
2082,45
2083,0
2084,0
2085,0
2086,0
2087,0
2088,15
2089,10
2090,0
2091,0
2092,0
2093,15
2094,180
2095,0
2096,0
2097,0
2098,0
2099,0
2100,0
2101,0
2102,0
2103,0
2104,0
2105,0
2106,0
2107,35
2108,60
2109,9
2110,262
2111,330
2112,0
2113,0
2114,83
2115,0
2116,2
2117,809
2118,0
2119,880
2120,47
2121,134
2122,19
2123,2
2124,0
2125,0
2126,0
2127,0
2128,0
2129,0
2130,0
2131,0
2132,0
2133,2
2134,0
2135,0
2136,0
2137,0
2138,0
2139,0
2140,0
2141,5
2142,247
2143,275
2144,0
2145,0
2146,48
2147,3
2148,0
2149,236
2150,0
2151,11
2152,119
2153,0
2154,0
2155,0
2156,481
2157,46
2158,0
2159,4
2160,8
2161,0
2162,0
2163,56
2164,0
2165,14
2166,0
2167,0
2168,0
2169,0
2170,0
2171,0
2172,0
2173,0
2174,0
2175,0
2176,0
2177,0
2178,0
2179,218
2180,0
2181,37
2182,0
2183,0
2184,0
2185,195
2186,1021
2187,22
2188,0
2189,0
2190,0
2191,1638
2192,263
2193,24
2194,0
2195,0
2196,0
2197,0
2198,88
2199,264
2200,159
2201,0
2202,5
2203,0
2204,84
2205,70
2206,16
2207,0
2208,81
2209,86
2210,0
2211,0
2212,0
2213,330
2214,15
2215,0
2216,0
2217,58
2218,0
2219,375
2220,0
2221,64
2222,0
2223,602
2224,0
2225,0
2226,65
2227,11
2228,0
2229,2
2230,88
2231,0
2232,0
2233,87
2234,0
2235,0
2236,0
2237,0
2238,0
2239,0
2240,0
2241,0
2242,35
2243,101
2244,0
2245,414
2246,0
2247,29
2248,136
2249,0
2250,8
2251,0
2252,0
2253,0
2254,0
2255,0
2256,0
2257,0
2258,0
2259,0
2260,0
2261,107
2262,0
2263,0
2264,7
2265,4
2266,0
2267,0
2268,0
2269,0
2270,0
2271,0
2272,71
2273,0
2274,0
2275,0
2276,0
2277,0
2278,3
2279,0
2280,0
2281,0
2282,0
2283,0
2284,31
2285,444
2286,0
2287,0
2288,0
2289,1027
2290,245
2291,56
2292,343
2293,42
2294,0
2295,0
2296,2
2297,30
2298,0
2299,59
2300,0
2301,133
2302,0
2303,0
2304,606
2305,0
2306,34
2307,9
2308,0
2309,0
2310,102
2311,9
2312,0
2313,0
2314,0
2315,0
2316,0
2317,619
2318,120
2319,217
2320,345
2321,4
2322,0
2323,0
2324,368
2325,181
2326,3
2327,0
2328,0
2329,0
2330,0
2331,88
2332,85
2333,75
2334,2
2335,67
2336,0
2337,0
2338,0
2339,0
2340,0
2341,0
2342,0
2343,0
2344,0
2345,0
2346,0
2347,0
2348,0
2349,0
2350,0
2351,0
2352,0
2353,3
2354,0
2355,7
2356,339
2357,0
2358,0
2359,82
2360,0
2361,26
2362,0
2363,0
2364,0
2365,0
2366,101
2367,15
2368,0
2369,12
2370,29
2371,23
2372,0
2373,39
2374,0
2375,0
2376,8
2377,0
2378,0
2379,0
2380,43
2381,134
2382,2
2383,0
2384,0
2385,5
2386,0
2387,72
2388,0
2389,211
2390,0
2391,0
2392,1080
2393,0
2394,126
2395,259
2396,0
2397,0
2398,0
2399,0
2400,36
2401,29
2402,0
2403,0
2404,4
2405,210
2406,0
2407,0
2408,56
2409,0
2410,27
2411,21
2412,78
2413,9
2414,0
2415,188
2416,0
2417,298
2418,55
2419,2
2420,0
2421,530
2422,2537
2423,199
2424,0
2425,19
2426,76
2427,5
2428,2
2429,871
2430,6
2431,81
2432,23
2433,97
2434,107
2435,0
2436,187
2437,7
2438,21
2439,13
2440,11
2441,101
2442,54
2443,0
2444,0
2445,191
2446,80
2447,6
2448,219
2449,54
2450,1778
2451,366
2452,2
2453,148
2454,30
2455,0
2456,7
2457,571
2458,68
2459,181
2460,182
2461,1243
2462,0
2463,0
2464,95
2465,92
2466,510
2467,33
2468,146
2469,0
2470,20
2471,36
2472,107
2473,29
2474,134
2475,0
2476,17
2477,57
2478,587
2479,56
2480,0
2481,0
2482,8
2483,0
2484,35
2485,368
2486,78
2487,0
2488,65
2489,13
2490,7
2491,0
2492,0
2493,280
2494,39
2495,0
2496,15
2497,66
2498,4
2499,72
2500,0
2501,3
2502,6
2503,0
2504,0
2505,0
2506,35
2507,0
2508,0
2509,113
2510,50
2511,0
2512,0
2513,24
2514,0
2515,0
2516,0
2517,0
2518,0
2519,0
2520,0
2521,0
2522,0
2523,0
2524,0
2525,0
2526,0
2527,0
2528,0
2529,0
2530,28
2531,0
2532,0
2533,0
2534,59
2535,33
2536,0
2537,0
2538,4
2539,0
2540,0
2541,531
2542,0
2543,179
2544,192
2545,0
2546,0
2547,0
2548,174
2549,0
2550,0
2551,0
2552,3
2553,0
2554,0
2555,0
2556,7
2557,0
2558,0
2559,0
2560,0
2561,0
2562,235
2563,38
2564,221
2565,6
2566,0
2567,0
2568,0
2569,27
2570,0
2571,22
2572,23
2573,34
2574,0
2575,18
2576,28
2577,21
2578,127
2579,0
2580,1062
2581,8
2582,247
2583,110
2584,19
2585,0
2586,0
2587,13
2588,0
2589,0
2590,53
2591,3
2592,0
2593,30
2594,12
2595,49
2596,20
2597,89
2598,76
2599,26
2600,0
2601,9
2602,3
2603,0
2604,41
2605,98
2606,3
2607,153
2608,86
2609,3
2610,0
2611,98
2612,0
2613,131
2614,0
2615,8
2616,0
2617,0
2618,0
2619,192
2620,39
2621,0
2622,7
2623,0
2624,0
2625,0
2626,0
2627,119
2628,19
2629,0
2630,0
2631,0
2632,31
2633,2
2634,291
2635,27
2636,0
2637,0
2638,0
2639,160
2640,0
2641,7
2642,27
2643,14
2644,0
2645,2
2646,462
2647,416
2648,30
2649,63
2650,0
2651,0
2652,0
2653,24
2654,0
2655,179
2656,50
2657,127
2658,0
2659,45
2660,778
2661,40
2662,0
2663,0
2664,0
2665,0
2666,0
2667,57
2668,0
2669,146
2670,0
2671,19
2672,0
2673,36
2674,140
2675,0
2676,3
2677,0
2678,0
2679,0
2680,0
2681,5
2682,6
2683,0
2684,0
2685,0
2686,0
2687,0
2688,0
2689,98
2690,3
2691,26
2692,0
2693,0
2694,0
2695,0
2696,151
2697,108
2698,0
2699,11
2700,0
2701,0
2702,0
2703,0
2704,0
2705,0
2706,0
2707,0
2708,0
2709,0
2710,0
2711,0
2712,0
2713,0
2714,0
2715,0
2716,107
2717,0
2718,0
2719,0
2720,0
2721,0
2722,0
2723,0
2724,0
2725,0
2726,0
2727,0
2728,0
2729,0
2730,0
2731,0
2732,0
2733,57
2734,2
2735,0
2736,0
2737,100
2738,0
2739,0
2740,0
2741,0
2742,0
2743,0
2744,0
2745,0
2746,0
2747,0
2748,5
2749,0
2750,0
2751,0
2752,0
2753,0
2754,5
2755,7
2756,0
2757,0
2758,0
2759,0
2760,0
2761,0
2762,0
2763,0
2764,0
2765,0
2766,2
2767,206
2768,0
2769,0
2770,0
2771,0
2772,0
2773,0
2774,12
2775,0
2776,34
2777,62
2778,0
2779,0
2780,0
2781,0
2782,0
2783,0
2784,0
2785,0
2786,0
2787,0
2788,0
2789,100
2790,8
2791,0
2792,0
2793,0
2794,6
2795,5
2796,148
2797,3
2798,0
2799,0
2800,0
2801,3
2802,0
2803,0
2804,0
2805,0
2806,0
2807,0
2808,0
2809,0
2810,0
2811,0
2812,0
2813,0
2814,0
2815,0
2816,22
2817,95
2818,3
2819,0
2820,0
2821,0
2822,0
2823,0
2824,0
2825,0
2826,0
2827,0
2828,0
2829,0
2830,0
2831,0
2832,0
2833,0
2834,0
2835,0
2836,0
2837,3
2838,3
2839,448
2840,0
2841,0
2842,84
2843,3
2844,0
2845,0
2846,0
2847,0
2848,4
2849,168
2850,0
2851,0
2852,23
2853,0
2854,0
2855,0
2856,46
2857,2980
2858,26
2859,141
2860,631
2861,0
2862,0
2863,71
2864,51
2865,0
2866,14
2867,0
2868,0
2869,0
2870,0
2871,421
2872,0
2873,0
2874,1897
2875,0
2876,0
2877,38
2878,0
2879,141
2880,26
2881,110
2882,0
2883,0
2884,0
2885,588
2886,158
2887,3
2888,41
2889,5
2890,0
2891,201
2892,0
2893,15
2894,40
2895,0
2896,0
2897,0
2898,19
2899,41
2900,87
2901,74
2902,3
2903,0
2904,0
2905,211
2906,0
2907,0
2908,0
2909,0
2910,0
2911,0
2912,0
2913,0
2914,69
2915,15
2916,6
2917,0
2918,0
2919,141
2920,242
2921,7
2922,0
2923,67
2924,0
2925,0
2926,38
2927,0
2928,0
2929,0
2930,0
2931,0
2932,0
2933,0
2934,0
2935,0
2936,0
2937,0
2938,0
2939,0
2940,0
2941,0
2942,3
2943,7
2944,0
2945,0
2946,0
2947,0
2948,0
2949,0
2950,371
2951,0
2952,0
2953,0
2954,14
2955,0
2956,0
2957,0
2958,0
2959,0
2960,0
2961,4
2962,0
2963,5
2964,0
2965,0
2966,0
2967,0
2968,0
2969,0
2970,0
2971,0
2972,0
2973,0
2974,0
2975,42
2976,20
2977,0
2978,0
2979,0
2980,0
2981,0
2982,99
2983,0
2984,0
2985,0
2986,2
2987,0
2988,0
2989,33
2990,15
2991,8
2992,48
2993,0
2994,0
2995,0
2996,58
2997,0
2998,0
2999,0
3000,0
3001,0
3002,0
3003,0
3004,0
3005,0
3006,0
3007,0
3008,0
3009,0
3010,0
3011,0
3012,0
3013,0
3014,0
3015,0
3016,0
3017,0
3018,0
3019,0
3020,0
3021,0
3022,0
3023,0
3024,0
3025,0
3026,0
3027,0
3028,0
3029,0
3030,0
3031,0
3032,0
3033,3
3034,350
3035,110
3036,0
3037,0
3038,133
3039,19
3040,12
3041,26
3042,0
3043,0
3044,0
3045,131
3046,0
3047,0
3048,0
3049,0
3050,2
3051,7
3052,34
3053,3
3054,7
3055,0
3056,0
3057,0
3058,0
3059,0
3060,0
3061,0
3062,0
3063,0
3064,0
3065,0
3066,0
3067,0
3068,0
3069,0
3070,0
3071,0
3072,0
3073,0
3074,0
3075,0
3076,0
3077,0
3078,0
3079,0
3080,0
3081,0
3082,0
3083,0
3084,0
3085,0
3086,0
3087,0
3088,0
3089,0
3090,58
3091,25
3092,0
3093,0
3094,0
3095,0
3096,0
3097,27
3098,0
3099,0
3100,0
3101,0
3102,8
3103,0
3104,0
3105,0
3106,0
3107,0
3108,0
3109,0
3110,0
3111,0
3112,0
3113,0
3114,0
3115,0
3116,0
3117,0
3118,30
3119,0
3120,0
3121,0
3122,59
3123,0
3124,0
3125,0
3126,0
3127,0
3128,0
3129,0
3130,0
3131,0
3132,0
3133,0
3134,0
3135,0
3136,0
3137,0
3138,0
3139,0
3140,0
3141,0
3142,0
3143,0
3144,0
3145,154
3146,0
3147,0
3148,0
3149,0
3150,27
3151,0
3152,0
3153,0
3154,0
3155,0
3156,0
3157,0
3158,0
3159,0
3160,0
3161,0
3162,0
3163,0
3164,221
3165,0
3166,0
3167,7
3168,7
3169,0
3170,0
3171,7
3172,51
3173,0
3174,0
3175,387
3176,0
3177,0
3178,0
3179,2
3180,0
3181,5
3182,21
3183,43
3184,0
3185,0
3186,0
3187,0
3188,0
3189,0
3190,0
3191,0
3192,0
3193,108
3194,3
3195,0
3196,0
3197,0
3198,0
3199,0
3200,324
3201,126
3202,0
3203,14
3204,0
3205,0
3206,357
3207,0
3208,0
3209,0
3210,0
3211,0
3212,0
3213,0
3214,0
3215,69
3216,7
3217,3
3218,0
3219,0
3220,30
3221,375
3222,57
3223,0
3224,0
3225,0
3226,0
3227,0
3228,0
3229,0
3230,0
3231,0
3232,0
3233,0
3234,0
3235,0
3236,0
3237,0
3238,0
3239,0
3240,0
3241,0
3242,0
3243,0
3244,0
3245,0
3246,0
3247,0
3248,6
3249,42
3250,0
3251,0
3252,0
3253,0
3254,0
3255,0
3256,0
3257,0
3258,0
3259,0
3260,0
3261,0
3262,0
3263,0
3264,0
3265,0
3266,0
3267,0
3268,0
3269,26
3270,151
3271,86
3272,0
3273,39
3274,0
3275,21
3276,6
3277,0
3278,0
3279,0
3280,85
3281,33
3282,0
3283,306
3284,3
3285,0
3286,43
3287,278
3288,0
3289,0
3290,0
3291,37
3292,14
3293,0
3294,0
3295,3
3296,0
3297,0
3298,0
3299,13
3300,43
3301,64
3302,0
3303,24
3304,180
3305,2762
3306,0
3307,0
3308,21
3309,0
3310,0
3311,0
3312,45
3313,33
3314,7
3315,0
3316,0
3317,0
3318,3953
3319,841
3320,0
3321,63
3322,2610
3323,0
3324,0
3325,25
3326,2
3327,226
3328,2182
3329,100
3330,0
3331,0
3332,44
3333,119
3334,0
3335,0
3336,0
3337,0
3338,7
3339,0
3340,32
3341,0
3342,9
3343,29
3344,0
3345,0
3346,0
3347,0
3348,101
3349,0
3350,40
3351,0
3352,0
3353,0
3354,134
3355,53
3356,15
3357,0
3358,3
3359,0
3360,144
3361,0
3362,0
3363,9
3364,9
3365,0
3366,0
3367,112
3368,28
3369,48
3370,0
3371,2
3372,0
3373,0
3374,152
3375,3
3376,0
3377,0
3378,0
3379,0
3380,0
3381,0
3382,79
3383,10
3384,322
3385,0
3386,0
3387,0
3388,597
3389,7
3390,41
3391,0
3392,10
3393,0
3394,0
3395,5
3396,41
3397,146
3398,0
3399,9
3400,0
3401,0
3402,283
3403,13
3404,18
3405,0
3406,0
3407,0
3408,0
3409,297
3410,10
3411,0
3412,0
3413,261
3414,0
3415,7
3416,241
3417,0
3418,0
3419,0
3420,0
3421,0
3422,0
3423,15
3424,0
3425,0
3426,0
3427,3
3428,6
3429,150
3430,649
3431,6
3432,4
3433,4
3434,0
3435,0
3436,0
3437,0
3438,0
3439,0
3440,0
3441,0
3442,0
3443,0
3444,0
3445,51
3446,36
3447,0
3448,0
3449,0
3450,0
3451,105
3452,2
3453,366
3454,0
3455,0
3456,0
3457,0
3458,0
3459,0
3460,0
3461,0
3462,0
3463,0
3464,0
3465,441
3466,0
3467,0
3468,0
3469,0
3470,0
3471,0
3472,0
3473,0
3474,0
3475,3
3476,18
3477,0
3478,0
3479,996
3480,0
3481,233
3482,0
3483,0
3484,0
3485,0
3486,13
3487,44
3488,17
3489,0
3490,0
3491,0
3492,0
3493,361
3494,45
3495,113
3496,0
3497,0
3498,0
3499,0
3500,21
3501,42
3502,0
3503,0
3504,0
3505,0
3506,0
3507,7
3508,0
3509,0
3510,137
3511,86
3512,0
3513,0
3514,5
3515,0
3516,146
3517,178
3518,0
3519,0
3520,0
3521,0
3522,77
3523,102
3524,0
3525,0
3526,0
3527,0
3528,22
3529,29
3530,0
3531,2
3532,0
3533,3
3534,0
3535,0
3536,9
3537,7
3538,352
3539,0
3540,0
3541,0
3542,2
3543,54
3544,21
3545,0
3546,0
3547,0
3548,0
3549,80
3550,0
3551,0
3552,11
3553,4
3554,0
3555,0
3556,64
3557,0
3558,0
3559,0
3560,0
3561,0
3562,0
3563,0
3564,0
3565,0
3566,0
3567,78
3568,0
3569,0
3570,445
3571,144
3572,20
3573,14
3574,0
3575,0
3576,0
3577,0
3578,6
3579,2
3580,2
3581,0
3582,0
3583,0
3584,15
3585,4
3586,15
3587,0
3588,2
3589,0
3590,0
3591,488
3592,336
3593,0
3594,0
3595,7
3596,0
3597,0
3598,0
3599,0
3600,0
3601,0
3602,0
3603,0
3604,0
3605,99
3606,27
3607,18
3608,7
3609,0
3610,0
3611,0
3612,0
3613,121
3614,0
3615,0
3616,7
3617,0
3618,0
3619,0
3620,7
3621,0
3622,0
3623,4
3624,242
3625,0
3626,64
3627,41
3628,0
3629,0
3630,0
3631,0
3632,0
3633,0
3634,8
3635,0
3636,0
3637,2
3638,0
3639,0
3640,0
3641,262
3642,0
3643,0
3644,0
3645,0
3646,18
3647,18
3648,78
3649,8
3650,2
3651,8
3652,0
3653,0
3654,9
3655,0
3656,10
3657,0
3658,0
3659,0
3660,0
3661,0
3662,0
3663,17
3664,15
3665,19
3666,0
3667,3
3668,0
3669,82
3670,0
3671,0
3672,0
3673,0
3674,0
3675,3
3676,6
3677,0
3678,69
3679,0
3680,0
3681,0
3682,4
3683,0
3684,7
3685,0
3686,19
3687,0
3688,0
3689,780
3690,66
3691,56
3692,0
3693,0
3694,0
3695,0
3696,0
3697,0
3698,0
3699,0
3700,0
3701,0
3702,0
3703,0
3704,0
3705,9
3706,14
3707,56
3708,0
3709,0
3710,2058
3711,47
3712,41
3713,0
3714,0
3715,0
3716,0
3717,0
3718,0
3719,0
3720,0
3721,0
3722,0
3723,0
3724,0
3725,0
3726,0
3727,0
3728,0
3729,0
3730,0
3731,0
3732,47
3733,4
3734,0
3735,0
3736,0
3737,0
3738,53
3739,79
3740,0
3741,0
3742,0
3743,0
3744,0
3745,0
3746,0
3747,0
3748,0
3749,0
3750,0
3751,0
3752,0
3753,0
3754,0
3755,0
3756,95
3757,0
3758,0
3759,0
3760,11
3761,973
3762,0
3763,3
3764,0
3765,0
3766,29
3767,45
3768,0
3769,0
3770,3
3771,0
3772,0
3773,4
3774,0
3775,0
3776,2
3777,14
3778,0
3779,0
3780,36
3781,0
3782,0
3783,21
3784,30
3785,0
3786,0
3787,289
3788,0
3789,21
3790,23
3791,30
3792,0
3793,400
3794,4
3795,625
3796,84
3797,61
3798,0
3799,0
3800,0
3801,4
3802,0
3803,0
3804,0
3805,0
3806,0
3807,0
3808,0
3809,4
3810,2
3811,67
3812,0
3813,0
3814,0
3815,0
3816,0
3817,131
3818,3
3819,0
3820,0
3821,0
3822,102
3823,5
3824,0
3825,163
3826,2
3827,0
3828,0
3829,33
3830,0
3831,0
3832,0
3833,70
3834,0
3835,0
3836,0
3837,100
3838,0
3839,40
3840,0
3841,0
3842,0
3843,0
3844,0
3845,5
3846,0
3847,2
3848,0
3849,0
3850,331
3851,42
3852,18
3853,0
3854,80
3855,24
3856,0
3857,0
3858,0
3859,645
3860,0
3861,32
3862,0
3863,0
3864,7
3865,73
3866,0
3867,219
3868,0
3869,0
3870,0
3871,2
3872,0
3873,0
3874,25
3875,43
3876,0
3877,0
3878,39
3879,13
3880,4980
3881,12
3882,41
3883,0
3884,0
3885,54
3886,118
3887,30
3888,29
3889,0
3890,0
3891,0
3892,0
3893,0
3894,0
3895,0
3896,0
3897,0
3898,0
3899,0
3900,0
3901,6
3902,0
3903,28
3904,0
3905,0
3906,0
3907,51
3908,0
3909,6
3910,2
3911,0
3912,0
3913,0
3914,36
3915,31
3916,2
3917,0
3918,0
3919,0
3920,5
3921,0
3922,0
3923,0
3924,0
3925,0
3926,0
3927,26
3928,0
3929,0
3930,0
3931,4
3932,60
3933,0
3934,4
3935,0
3936,4
3937,0
3938,2
3939,0
3940,0
3941,0
3942,15
3943,13
3944,29
3945,50
3946,0
3947,0
3948,19
3949,0
3950,0
3951,111
3952,11
3953,0
3954,0
3955,4
3956,134
3957,23
3958,0
3959,12
3960,0
3961,0
3962,27
3963,2
3964,0
3965,4
3966,0
3967,0
3968,0
3969,0
3970,0
3971,0
3972,106
3973,0
3974,0
3975,0
3976,0
3977,0
3978,7
3979,0
3980,54
3981,0
3982,0
3983,0
3984,51
3985,0
3986,0
3987,10
3988,0
3989,0
3990,0
3991,0
3992,0
3993,44
3994,37
3995,4
3996,0
3997,0
3998,0
3999,0
4000,0
4001,10
4002,0
4003,0
4004,0
4005,0
4006,2
4007,258
4008,0
4009,0
4010,0
4011,9
4012,86
4013,13
4014,0
4015,0
4016,0
4017,0
4018,11
4019,157
4020,2
4021,58
4022,0
4023,0
4024,0
4025,0
4026,3
4027,0
4028,23
4029,0
4030,2
4031,0
4032,0
4033,50
4034,459
4035,0
4036,22
4037,0
4038,0
4039,0
4040,108
4041,4
4042,130
4043,2
4044,0
4045,0
4046,89
4047,0
4048,189
4049,2
4050,0
4051,0
4052,0
4053,0
4054,0
4055,0
4056,0
4057,0
4058,0
4059,0
4060,86
4061,79
4062,5
4063,42
4064,0
4065,0
4066,0
4067,69
4068,22
4069,0
4070,0
4071,263
4072,0
4073,0
4074,123
4075,98
4076,4
4077,0
4078,0
4079,0
4080,0
4081,0
4082,0
4083,0
4084,0
4085,0
4086,278
4087,0
4088,4
4089,0
4090,0
4091,0
4092,7
4093,0
4094,0
4095,8
4096,0
4097,0
4098,10
4099,0
4100,0
4101,0
4102,2
4103,0
4104,0
4105,21
4106,0
4107,0
4108,0
4109,0
4110,0
4111,0
4112,0
4113,0
4114,0
4115,0
4116,3
4117,0
4118,0
4119,0
4120,0
4121,0
4122,0
4123,257
4124,138
4125,0
4126,0
4127,0
4128,0
4129,0
4130,0
4131,0
4132,0
4133,0
4134,10
4135,0
4136,0
4137,0
4138,85
4139,918
4140,0
4141,838
4142,0
4143,0
4144,526
4145,2
4146,20
4147,0
4148,25
4149,0
4150,0
4151,7
4152,85
4153,2
4154,8
4155,23
4156,0
4157,0
4158,71
4159,0
4160,0
4161,38
4162,7
4163,0
4164,0
4165,0
4166,0
4167,0
4168,0
4169,0
4170,66
4171,0
4172,0
4173,0
4174,0
4175,0
4176,39
4177,0
4178,0
4179,0
4180,328
4181,16
4182,0
4183,33
4184,0
4185,0
4186,18
4187,0
4188,232
4189,6
4190,0
4191,0
4192,0
4193,0
4194,15
4195,122
4196,14
4197,819
4198,0
4199,0
4200,11
4201,125
4202,2
4203,0
4204,0
4205,0
4206,0
4207,0
4208,23
4209,13
4210,9
4211,0
4212,0
4213,0
4214,0
4215,2
4216,5
4217,11
4218,0
4219,0
4220,0
4221,0
4222,0
4223,0
4224,8
4225,86
4226,0
4227,0
4228,28
4229,114
4230,0
4231,8
4232,3
4233,0
4234,0
4235,0
4236,0
4237,0
4238,0
4239,0
4240,0
4241,0
4242,263
4243,48
4244,12
4245,553
4246,11
4247,0
4248,0
4249,13
4250,13
4251,13
4252,0
4253,15
4254,0
4255,0
4256,104
4257,14
4258,0
4259,0
4260,0
4261,0
4262,0
4263,67
4264,95
4265,2
4266,0
4267,0
4268,0
4269,0
4270,0
4271,47
4272,0
4273,0
4274,525
4275,0
4276,0
4277,23
4278,5
4279,7
4280,43
4281,0
4282,0
4283,0
4284,0
4285,132
4286,305
4287,0
4288,0
4289,0
4290,0
4291,0
4292,0
4293,0
4294,0
4295,0
4296,0
4297,0
4298,544
4299,0
4300,5
4301,9
4302,10
4303,0
4304,0
4305,38
4306,55
4307,27
4308,0
4309,34
4310,0
4311,0
4312,22
4313,128
4314,14
4315,8
4316,0
4317,0
4318,0
4319,649
4320,62
4321,37
4322,0
4323,0
4324,0
4325,0
4326,0
4327,0
4328,0
4329,62
4330,0
4331,0
4332,0
4333,293
4334,74
4335,2
4336,4
4337,21
4338,0
4339,0
4340,0
4341,0
4342,0
4343,215
4344,0
4345,0
4346,0
4347,0
4348,7
4349,0
4350,0
4351,14
4352,14
4353,0
4354,61
4355,102
4356,12
4357,0
4358,0
4359,0
4360,0
4361,0
4362,0
4363,27
4364,0
4365,7
4366,0
4367,0
4368,0
4369,0
4370,0
4371,6
4372,6
4373,0
4374,0
4375,25
4376,0
4377,29
4378,4
4379,12
4380,4
4381,0
4382,61
4383,140
4384,0
4385,12
4386,0
4387,0
4388,0
4389,0
4390,0
4391,286
4392,0
4393,0
4394,0
4395,0
4396,5
4397,16
4398,0
4399,0
4400,0
4401,0
4402,0
4403,46
4404,24
4405,21
4406,0
4407,41
4408,0
4409,0
4410,137
4411,0
4412,17
4413,0
4414,4
4415,0
4416,0
4417,16
4418,0
4419,0
4420,19
4421,133
4422,20
4423,0
4424,96
4425,145
4426,7
4427,10
4428,0
4429,0
4430,0
4431,0
4432,0
4433,119
4434,0
4435,0
4436,0
4437,0
4438,0
4439,45
4440,0
4441,7
4442,0
4443,0
4444,0
4445,0
4446,170
4447,2
4448,4
4449,0
4450,2
4451,0
4452,0
4453,62
4454,51
4455,0
4456,0
4457,0
4458,0
4459,0
4460,0
4461,183
4462,0
4463,3
4464,0
4465,0
4466,349
4467,301
4468,0
4469,154
4470,0
4471,0
4472,0
4473,0
4474,16
4475,0
4476,0
4477,19
4478,0
4479,0
4480,0
4481,0
4482,0
4483,0
4484,0
4485,0
4486,0
4487,3
4488,71
4489,449
4490,30
4491,51
4492,0
4493,0
4494,0
4495,0
4496,0
4497,10
4498,15
4499,0
4500,0
4501,0
4502,231
4503,0
4504,2
4505,0
4506,0
4507,0
4508,0
4509,51
4510,0
4511,156
4512,475
4513,0
4514,0
4515,0
4516,0
4517,4
4518,0
4519,0
4520,0
4521,0
4522,525
4523,104
4524,4
4525,0
4526,129
4527,0
4528,0
4529,0
4530,0
4531,0
4532,0
4533,0
4534,0
4535,0
4536,0
4537,0
4538,0
4539,0
4540,0
4541,0
4542,0
4543,0
4544,28
4545,24
4546,0
4547,0
4548,0
4549,0
4550,0
4551,0
4552,0
4553,0
4554,2
4555,0
4556,0
4557,0
4558,5
4559,6
4560,0
4561,0
4562,0
4563,0
4564,68
4565,0
4566,2
4567,0
4568,0
4569,0
4570,0
4571,0
4572,92
4573,195
4574,0
4575,0
4576,0
4577,0
4578,0
4579,21
4580,0
4581,0
4582,54
4583,0
4584,0
4585,0
4586,2
4587,309
4588,0
4589,69
4590,0
4591,0
4592,53
4593,2
4594,48
4595,0
4596,0
4597,0
4598,0
4599,0
4600,0
4601,0
4602,4
4603,52
4604,1882
4605,0
4606,141
4607,0
4608,2
4609,142
4610,10
4611,136
4612,0
4613,1125
4614,168
4615,0
4616,9
4617,10
4618,0
4619,0
4620,0
4621,5
4622,111
4623,0
4624,0
4625,0
4626,0
4627,29
4628,67
4629,0
4630,0
4631,174
4632,0
4633,0
4634,0
4635,457
4636,0
4637,27
4638,0
4639,0
4640,6
4641,6083
4642,24
4643,130
4644,27
4645,4
4646,17
4647,0
4648,105
4649,85
4650,12
4651,0
4652,0
4653,0
4654,0
4655,0
4656,0
4657,0
4658,0
4659,0
4660,0
4661,0
4662,0
4663,0
4664,0
4665,88
4666,8
4667,27
4668,0
4669,30
4670,0
4671,224
4672,6
4673,0
4674,0
4675,0
4676,26
4677,74
4678,0
4679,0
4680,6
4681,0
4682,0
4683,11
4684,0
4685,4
4686,533
4687,16
4688,0
4689,0
4690,131
4691,30
4692,48
4693,98
4694,0
4695,0
4696,0
4697,64
4698,345
4699,20
4700,656
4701,0
4702,0
4703,0
4704,0
4705,129
4706,0
4707,7
4708,0
4709,0
4710,0
4711,0
4712,0
4713,0
4714,0
4715,0
4716,0
4717,0
4718,0
4719,0
4720,0
4721,0
4722,0
4723,0
4724,65
4725,0
4726,115
4727,4
4728,2
4729,0
4730,0
4731,0
4732,0
4733,0
4734,0
4735,22
4736,0
4737,0
4738,0
4739,0
4740,0
4741,11
4742,0
4743,23
4744,0
4745,0
4746,0
4747,0
4748,0
4749,0
4750,0
4751,0
4752,0
4753,52
4754,31
4755,0
4756,11
4757,0
4758,0
4759,8
4760,414
4761,120
4762,0
4763,0
4764,0
4765,0
4766,4
4767,0
4768,0
4769,0
4770,0
4771,0
4772,0
4773,0
4774,11
4775,0
4776,12
4777,14
4778,0
4779,0
4780,0
4781,0
4782,0
4783,0
4784,0
4785,9275
4786,0
4787,0
4788,0
4789,0
4790,0
4791,0
4792,0
4793,0
4794,0
4795,2
4796,240
4797,0
4798,5
4799,0
4800,0
4801,0
4802,160
4803,0
4804,0
4805,0
4806,35
4807,0
4808,0
4809,0
4810,4
4811,0
4812,0
4813,0
4814,0
4815,0
4816,0
4817,0
4818,0
4819,0
4820,0
4821,0
4822,0
4823,39
4824,16
4825,0
4826,0
4827,0
4828,14
4829,0
4830,37
4831,101
4832,0
4833,0
4834,0
4835,0
4836,0
4837,0
4838,0
4839,0
4840,21
4841,10
4842,0
4843,0
4844,0
4845,0
4846,13
4847,0
4848,42
4849,0
4850,0
4851,71
4852,200
4853,0
4854,0
4855,0
4856,22
4857,0
4858,0
4859,0
4860,0
4861,0
4862,0
4863,0
4864,0
4865,0
4866,0
4867,0
4868,2
4869,0
4870,0
4871,0
4872,574
4873,62
4874,21
4875,0
4876,0
4877,0
4878,0
4879,0
4880,0
4881,0
4882,105
4883,259
4884,0
4885,0
4886,0
4887,0
4888,0
4889,0
4890,0
4891,0
4892,0
4893,0
4894,0
4895,0
4896,0
4897,0
4898,0
4899,0
4900,0
4901,0
4902,0
4903,0
4904,0
4905,0
4906,0
4907,44
4908,0
4909,0
4910,0
4911,0
4912,0
4913,0
4914,0
4915,0
4916,768
4917,0
4918,0
4919,0
4920,0
4921,0
4922,244
4923,0
4924,631
4925,0
4926,0
4927,0
4928,0
4929,33
4930,0
4931,2429
4932,0
4933,0
4934,0
4935,0
4936,43
4937,2
4938,355
4939,6
4940,41
4941,0
4942,6
4943,43
4944,0
4945,100
4946,18
4947,0
4948,0
4949,0
4950,0
4951,293
4952,4
4953,39
4954,4
4955,0
4956,3
4957,40
4958,0
4959,96
4960,0
4961,0
4962,0
4963,0
4964,0
4965,5
4966,45
4967,0
4968,0
4969,0
4970,8
4971,233
4972,4
4973,0
4974,462
4975,2
4976,0
4977,16
4978,56
4979,1183
4980,0
4981,20
4982,0
4983,0
4984,63
4985,176
4986,217
4987,191
4988,418
4989,0
4990,0
4991,0
4992,58
4993,0
4994,12
4995,64
4996,0
4997,0
4998,13
4999,0
5000,92
5001,43
5002,0
5003,0
5004,0
5005,4
5006,84
5007,0
5008,0
5009,0
5010,0
5011,0
5012,0
5013,49
5014,0
5015,0
5016,0
5017,0
5018,0
5019,0
5020,0
5021,0
5022,0
5023,0
5024,0
5025,0
5026,0
5027,0
5028,36
5029,67
5030,153
5031,0
5032,0
5033,13
5034,0
5035,325
5036,337
5037,42
5038,0
5039,0
5040,378
5041,306
5042,0
5043,0
5044,0
5045,0
5046,0
5047,2
5048,25
5049,0
5050,0
5051,0
5052,0
5053,0
5054,0
5055,8
5056,0
5057,320
5058,0
5059,0
5060,0
5061,0
5062,826
5063,67
5064,9
5065,0
5066,0
5067,0
5068,181
5069,0
5070,4
5071,0
5072,0
5073,0
5074,0
5075,10
5076,29
5077,825
5078,1624
5079,0
5080,89
5081,0
5082,1849
5083,113
5084,34
5085,79
5086,0
5087,0
5088,0
5089,0
5090,1112
5091,0
5092,0
5093,61
5094,0
5095,0
5096,0
5097,52
5098,0
5099,0
5100,0
5101,0
5102,0
5103,4
5104,85
5105,0
5106,0
5107,0
5108,0
5109,0
5110,0
5111,0
5112,0
5113,21
5114,0
5115,0
5116,0
5117,10
5118,0
5119,22
5120,112
5121,0
5122,0
5123,0
5124,7
5125,0
5126,24
5127,14
5128,0
5129,0
5130,0
5131,0
5132,44
5133,5
5134,5
5135,73
5136,0
5137,0
5138,0
5139,0
5140,0
5141,371
5142,297
5143,0
5144,0
5145,1556
5146,230
5147,112
5148,0
5149,0
5150,0
5151,0
5152,49
5153,105
5154,0
5155,1778
5156,2
5157,0
5158,0
5159,0
5160,17
5161,0
5162,115
5163,0
5164,0
5165,0
5166,0
5167,0
5168,0
5169,77
5170,0
5171,0
5172,0
5173,34
5174,31
5175,107
5176,4
5177,6
5178,110
5179,0
5180,70
5181,134
5182,0
5183,25
5184,83
5185,0
5186,10
5187,2
5188,135
5189,6
5190,39
5191,279
5192,0
5193,0
5194,0
5195,0
5196,0
5197,60
5198,0
5199,0
5200,0
5201,89
5202,0
5203,109
5204,63
5205,0
5206,0
5207,0
5208,0
5209,0
5210,0
5211,15
5212,0
5213,0
5214,0
5215,7
5216,130
5217,0
5218,0
5219,0
5220,0
5221,0
5222,30
5223,3
5224,0
5225,0
5226,0
5227,0
5228,0
5229,45
5230,0
5231,0
5232,0
5233,0
5234,3
5235,0
5236,455
5237,0
5238,241
5239,32
5240,0
5241,4
5242,0
5243,0
5244,102
5245,0
5246,164
5247,16
5248,0
5249,0
5250,0
5251,157
5252,77
5253,103
5254,47
5255,67
5256,0
5257,37
5258,107
5259,0
5260,0
5261,0
5262,0
5263,0
5264,0
5265,0
5266,0
5267,0
5268,0
5269,0
5270,0
5271,0
5272,4
5273,3
5274,16
5275,0
5276,0
5277,0
5278,0
5279,0
5280,0
5281,11
5282,58
5283,0
5284,0
5285,0
5286,97
5287,0
5288,2
5289,0
5290,0
5291,0
5292,0
5293,358
5294,0
5295,2
5296,0
5297,0
5298,0
5299,11
5300,0
5301,4
5302,0
5303,116
5304,0
5305,0
5306,16
5307,102
5308,0
5309,431
5310,10
5311,0
5312,0
5313,0
5314,0
5315,31
5316,0
5317,90
5318,0
5319,0
5320,0
5321,0
5322,1330
5323,35
5324,0
5325,0
5326,0
5327,19
5328,171
5329,0
5330,0
5331,0
5332,0
5333,0
5334,0
5335,0
5336,59
5337,677
5338,0
5339,0
5340,0
5341,0
5342,71
5343,11
5344,0
5345,512
5346,0
5347,29
5348,0
5349,146
5350,11
5351,0
5352,11
5353,0
5354,41
5355,80
5356,91
5357,0
5358,0
5359,0
5360,0
5361,0
5362,0
5363,123
5364,56
5365,0
5366,0
5367,0
5368,0
5369,6
5370,23
5371,0
5372,52
5373,0
5374,0
5375,0
5376,56
5377,114
5378,0
5379,6
5380,0
5381,0
5382,0
5383,0
5384,0
5385,0
5386,0
5387,0
5388,0
5389,0
5390,0
5391,0
5392,0
5393,0
5394,0
5395,0
5396,0
5397,173
5398,0
5399,0
5400,48
5401,0
5402,0
5403,0
5404,1741
5405,2
5406,0
5407,49
5408,69
5409,0
5410,0
5411,44
5412,128
5413,2
5414,7
5415,62
5416,0
5417,0
5418,0
5419,0
5420,4
5421,0
5422,0
5423,0
5424,0
5425,0
5426,0
5427,19
5428,0
5429,10
5430,0
5431,0
5432,3
5433,0
5434,0
5435,24
5436,0
5437,0
5438,0
5439,3
5440,73
5441,0
5442,0
5443,0
5444,0
5445,0
5446,2
5447,78
5448,0
5449,0
5450,5
5451,0
5452,0
5453,0
5454,26
5455,0
5456,0
5457,0
5458,0
5459,0
5460,29
5461,0
5462,14
5463,662
5464,43
5465,0
5466,0
5467,0
5468,0
5469,0
5470,0
5471,0
5472,0
5473,0
5474,0
5475,78
5476,0
5477,0
5478,167
5479,0
5480,0
5481,0
5482,85
5483,13
5484,18
5485,0
5486,0
5487,0
5488,0
5489,0
5490,0
5491,0
5492,0
5493,0
5494,0
5495,0
5496,55
5497,3
5498,0
5499,0
5500,0
5501,0
5502,0
5503,0
5504,16
5505,0
5506,0
5507,0
5508,0
5509,0
5510,53
5511,0
5512,0
5513,0
5514,0
5515,0
5516,8
5517,5
5518,23
5519,21
5520,0
5521,0
5522,0
5523,15
5524,0
5525,0
5526,0
5527,4
5528,0
5529,0
5530,3
5531,0
5532,0
5533,0
5534,0
5535,0
5536,0
5537,103
5538,15
5539,59
5540,31
5541,0
5542,0
5543,0
5544,0
5545,156
5546,14
5547,0
5548,0
5549,0
5550,0
5551,7
5552,17
5553,0
5554,0
5555,0
5556,0
5557,0
5558,0
5559,0
5560,0
5561,7
5562,0
5563,0
5564,0
5565,0
5566,0
5567,0
5568,0
5569,0
5570,0
5571,0
5572,0
5573,0
5574,0
5575,0
5576,0
5577,0
5578,0
5579,0
5580,0
5581,0
5582,13
5583,0
5584,33
5585,0
5586,20
5587,83
5588,0
5589,8
5590,0
5591,0
5592,0
5593,0
5594,12
5595,0
5596,0
5597,0
5598,0
5599,0
5600,6
5601,0
5602,0
5603,11
5604,0
5605,0
5606,0
5607,25
5608,0
5609,82
5610,0
5611,0
5612,0
5613,0
5614,5
5615,2
5616,0
5617,5
5618,0
5619,0
5620,0
5621,34
5622,106
5623,0
5624,1330
5625,2
5626,0
5627,0
5628,0
5629,0
5630,0
5631,0
5632,0
5633,0
5634,0
5635,0
5636,0
5637,0
5638,6
5639,0
5640,0
5641,0
5642,0
5643,2
5644,0
5645,0
5646,0
5647,0
5648,0
5649,0
5650,0
5651,0
5652,0
5653,0
5654,0
5655,0
5656,170
5657,6
5658,0
5659,7
5660,0
5661,0
5662,0
5663,0
5664,0
5665,10
5666,932
5667,5
5668,0
5669,0
5670,0
5671,0
5672,0
5673,270
5674,0
5675,0
5676,0
5677,0
5678,60
5679,55
5680,13
5681,0
5682,0
5683,0
5684,2
5685,0
5686,107
5687,178
5688,0
5689,0
5690,0
5691,4
5692,0
5693,12
5694,0
5695,0
5696,0
5697,0
5698,125
5699,0
5700,0
5701,0
5702,0
5703,4925
5704,44
5705,15
5706,84
5707,0
5708,226
5709,0
5710,0
5711,0
5712,0
5713,14
5714,0
5715,0
5716,0
5717,0
5718,0
5719,85
5720,56
5721,0
5722,14
5723,0
5724,0
5725,0
5726,0
5727,16
5728,0
5729,0
5730,0
5731,0
5732,0
5733,0
5734,0
5735,4
5736,0
5737,0
5738,0
5739,0
5740,0
5741,127
5742,12
5743,0
5744,0
5745,0
5746,0
5747,0
5748,0
5749,0
5750,0
5751,0
5752,0
5753,0
5754,31
5755,0
5756,0
5757,0
5758,0
5759,0
5760,0
5761,16
5762,0
5763,0
5764,0
5765,0
5766,0
5767,0
5768,3
5769,0
5770,11
5771,5
5772,0
5773,0
5774,0
5775,0
5776,2
5777,25
5778,0
5779,478
5780,0
5781,0
5782,354
5783,136
5784,0
5785,55
5786,0
5787,0
5788,0
5789,0
5790,0
5791,39
5792,21
5793,1037
5794,0
5795,0
5796,0
5797,0
5798,0
5799,0
5800,0
5801,0
5802,0
5803,0
5804,0
5805,0
5806,0
5807,0
5808,0
5809,0
5810,86
5811,67
5812,0
5813,22
5814,0
5815,0
5816,0
5817,0
5818,0
5819,93
5820,45
5821,0
5822,0
5823,0
5824,10
5825,145
5826,14
5827,0
5828,0
5829,0
5830,2
5831,0
5832,98
5833,0
5834,0
5835,0
5836,0
5837,0
5838,0
5839,0
5840,13
5841,0
5842,0
5843,0
5844,0
5845,0
5846,66
5847,0
5848,9
5849,42
5850,0
5851,0
5852,0
5853,0
5854,0
5855,0
5856,0
5857,0
5858,0
5859,0
5860,0
5861,0
5862,0
5863,0
5864,0
5865,0
5866,0
5867,97
5868,21
5869,2
5870,0
5871,0
5872,0
5873,87
5874,0
5875,0
5876,0
5877,0
5878,0
5879,0
5880,40
5881,0
5882,0
5883,0
5884,0
5885,0
5886,0
5887,0
5888,0
5889,35
5890,0
5891,501
5892,0
5893,0
5894,0
5895,107
5896,0
5897,2
5898,0
5899,0
5900,0
5901,0
5902,34
5903,103
5904,0
5905,0
5906,0
5907,0
5908,0
5909,0
5910,0
5911,0
5912,0
5913,0
5914,0
5915,0
5916,0
5917,0
5918,0
5919,0
5920,0
5921,0
5922,0
5923,5
5924,0
5925,0
5926,0
5927,0
5928,0
5929,0
5930,0
5931,21
5932,0
5933,0
5934,0
5935,0
5936,0
5937,109
5938,6
5939,0
5940,0
5941,0
5942,0
5943,115
5944,2
5945,0
5946,76
5947,0
5948,0
5949,0
5950,0
5951,0
5952,66
5953,0
5954,0
5955,0
5956,0
5957,132
5958,56
5959,0
5960,0
5961,0
5962,0
5963,0
5964,0
5965,0
5966,0
5967,0
5968,0
5969,0
5970,0
5971,0
5972,26
5973,0
5974,16
5975,26
5976,0
5977,0
5978,0
5979,21
5980,0
5981,0
5982,0
5983,0
5984,0
5985,100
5986,118
5987,0
5988,0
5989,0
5990,0
5991,0
5992,0
5993,0
5994,0
5995,0
5996,0
5997,0
5998,0
5999,0
6000,0
6001,0
6002,0
6003,0
6004,0
6005,0
6006,8
6007,0
6008,0
6009,32
6010,0
6011,0
6012,0
6013,0
6014,0
6015,0
6016,525
6017,0
6018,0
6019,0
6020,9
6021,0
6022,0
6023,29
6024,0
6025,0
6026,0
6027,0
6028,0
6029,0
6030,0
6031,0
6032,0
6033,0
6034,0
6035,0
6036,0
6037,0
6038,0
6039,0
6040,0
6041,0
6042,0
6043,0
6044,0
6045,0
6046,0
6047,0
6048,807
6049,53
6050,0
6051,0
6052,0
6053,0
6054,74
6055,0
6056,6
6057,119
6058,0
6059,0
6060,45
6061,0
6062,0
6063,0
6064,0
6065,0
6066,276
6067,0
6068,0
6069,0
6070,0
6071,5
6072,0
6073,0
6074,0
6075,0
6076,0
6077,64
6078,0
6079,0
6080,0
6081,0
6082,0
6083,0
6084,0
6085,0
6086,2
6087,0
6088,0
6089,0
6090,0
6091,14
6092,0
6093,0
6094,0
6095,0
6096,0
6097,7
6098,20
6099,0
6100,0
6101,0
6102,0
6103,0
6104,0
6105,0
6106,217
6107,0
6108,0
6109,0
6110,0
6111,0
6112,0
6113,0
6114,0
6115,0
6116,0
6117,0
6118,0
6119,0
6120,2
6121,0
6122,0
6123,0
6124,0
6125,49
6126,0
6127,0
6128,0
6129,0
6130,0
6131,0
6132,0
6133,62
6134,0
6135,4
6136,0
6137,0
6138,0
6139,2
6140,0
6141,0
6142,0
6143,0
6144,0
6145,0
6146,8
6147,0
6148,25
6149,0
6150,0
6151,0
6152,0
6153,0
6154,0
6155,0
6156,0
6157,0
6158,0
6159,0
6160,2
6161,0
6162,0
6163,0
6164,0
6165,0
6166,0
6167,0
6168,56
6169,0
6170,0
6171,0
6172,0
6173,5
6174,0
6175,0
6176,0
6177,0
6178,0
6179,0
6180,0
6181,0
6182,2
6183,0
6184,0
6185,375
6186,0
6187,0
6188,0
6189,0
6190,0
6191,61
6192,0
6193,0
6194,0
6195,0
6196,89
6197,0
6198,0
6199,0
6200,0
6201,0
6202,0
6203,0
6204,13
6205,43
6206,0
6207,0
6208,0
6209,0
6210,0
6211,0
6212,0
6213,0
6214,0
6215,0
6216,0
6217,80
6218,0
6219,0
6220,5
6221,0
6222,0
6223,9
6224,0
6225,0
6226,0
6227,0
6228,0
6229,0
6230,0
6231,0
6232,0
6233,0
6234,0
6235,0
6236,0
6237,0
6238,3
6239,4
6240,0
6241,0
6242,0
6243,0
6244,0
6245,14
6246,0
6247,0
6248,0
6249,0
6250,0
6251,3
6252,0
6253,34
6254,0
6255,0
6256,0
6257,0
6258,7
6259,89
6260,0
6261,0
6262,0
6263,0
6264,0
6265,2
6266,0
6267,0
6268,0
6269,0
6270,0
6271,0
6272,0
6273,38
6274,0
6275,0
6276,0
6277,0
6278,0
6279,0
6280,4
6281,0
6282,280
6283,0
6284,0
6285,0
6286,251
6287,63
6288,0
6289,2
6290,0
6291,0
6292,0
6293,0
6294,0
6295,0
6296,0
6297,0
6298,0
6299,0
6300,0
6301,0
6302,76
6303,0
6304,0
6305,0
6306,0
6307,0
6308,0
6309,0
6310,0
6311,0
6312,0
6313,0
6314,235
6315,78
6316,0
6317,0
6318,0
6319,0
6320,0
6321,0
6322,0
6323,0
6324,0
6325,0
6326,0
6327,0
6328,0
6329,0
6330,0
6331,2
6332,0
6333,0
6334,0
6335,0
6336,0
6337,0
6338,0
6339,0
6340,0
6341,0
6342,24
6343,0
6344,0
6345,0
6346,0
6347,0
6348,0
6349,40
6350,112
6351,0
6352,0
6353,18
6354,0
6355,0
6356,0
6357,0
6358,0
6359,0
6360,0
6361,0
6362,0
6363,0
6364,0
6365,0
6366,0
6367,0
6368,0
6369,0
6370,0
6371,0
6372,0
6373,0
6374,190
6375,0
6376,0
6377,0
6378,36
6379,0
6380,0
6381,0
6382,0
6383,0
6384,0
6385,0
6386,0
6387,0
6388,0
6389,0
6390,0
6391,0
6392,0
6393,9
6394,0
6395,0
6396,0
6397,0
6398,0
6399,25
6400,0
6401,0
6402,0
6403,0
6404,0
6405,0
6406,0
6407,0
6408,10
6409,0
6410,0
6411,0
6412,0
6413,0
6414,64
6415,2
6416,11
6417,0
6418,0
6419,9
6420,76
6421,0
6422,0
6423,0
6424,0
6425,0
6426,0
6427,0
6428,0
6429,0
6430,18
6431,0
6432,0
6433,2
6434,0
6435,0
6436,0
6437,0
6438,0
6439,0
6440,0
6441,0
6442,0
6443,0
6444,0
6445,0
6446,0
6447,0
6448,0
6449,0
6450,0
6451,0
6452,0
6453,0
6454,0
6455,0
6456,82
6457,0
6458,0
6459,0
6460,0
6461,0
6462,14
6463,0
6464,0
6465,0
6466,0
6467,0
6468,0
6469,0
6470,0
6471,23
6472,0
6473,0
6474,0
6475,0
6476,0
6477,0
6478,0
6479,0
6480,0
6481,0
6482,0
6483,0
6484,154
6485,0
6486,0
6487,0
6488,0
6489,0
6490,0
6491,2
6492,0
6493,0
6494,0
6495,18
6496,0
6497,0
6498,0
6499,0
6500,1136
6501,2
6502,0
6503,4
6504,125
6505,0
6506,0
6507,0
6508,0
6509,0
6510,6
6511,0
6512,2
6513,0
6514,0
6515,0
6516,0
6517,11
6518,0
6519,0
6520,0
6521,0
6522,0
6523,0
6524,22
6525,0
6526,0
6527,0
6528,0
6529,0
6530,0
6531,105
6532,0
6533,0
6534,0
6535,0
6536,0
6537,0
6538,2
6539,0
6540,0
6541,0
6542,124
6543,0
6544,0
6545,344
6546,124
6547,0
6548,7
6549,0
6550,0
6551,0
6552,0
6553,0
6554,0
6555,0
6556,0
6557,0
6558,0
6559,0
6560,5
6561,0
6562,9
6563,0
6564,0
6565,0
6566,32
6567,0
6568,0
6569,0
6570,0
6571,0
6572,0
6573,0
6574,0
6575,0
6576,154
6577,0
6578,0
6579,0
6580,73
6581,102
6582,0
6583,0
6584,2
6585,0
6586,0
6587,0
6588,0
6589,0
6590,0
6591,0
6592,0
6593,0
6594,0
6595,0
6596,0
6597,0
6598,239
6599,0
6600,0
6601,0
6602,0
6603,31
6604,0
6605,0
6606,0
6607,0
6608,0
6609,0
6610,3
6611,0
6612,0
6613,0
6614,0
6615,0
6616,0
6617,19
6618,0
6619,0
6620,0
6621,0
6622,0
6623,0
6624,11
6625,4
6626,0
6627,0
6628,602
6629,88
6630,118
6631,0
6632,0
6633,0
6634,89
6635,0
6636,0
6637,0
6638,0
6639,27
6640,0
6641,0
6642,0
6643,0
6644,2
6645,0
6646,0
6647,0
6648,0
6649,0
6650,0
6651,0
6652,0
6653,429
6654,0
6655,0
6656,0
6657,0
6658,34
6659,86
6660,0
6661,0
6662,0
6663,0
6664,0
6665,0
6666,0
6667,2
6668,65
6669,0
6670,0
6671,6
6672,50
6673,0
6674,0
6675,0
6676,0
6677,0
6678,0
6679,0
6680,0
6681,70
6682,0
6683,0
6684,0
6685,0
6686,56
6687,0
6688,38
6689,0
6690,0
6691,0
6692,0
6693,0
6694,0
6695,0
6696,0
6697,0
6698,0
6699,4
6700,0
6701,0
6702,26
6703,0
6704,0
6705,0
6706,0
6707,49
6708,0
6709,0
6710,0
6711,0
6712,0
6713,0
6714,0
6715,0
6716,0
6717,0
6718,0
6719,0
6720,0
6721,37
6722,0
6723,0
6724,0
6725,0
6726,0
6727,0
6728,0
6729,0
6730,0
6731,0
6732,0
6733,0
6734,2
6735,14
6736,0
6737,0
6738,0
6739,0
6740,0
6741,0
6742,23
6743,0
6744,0
6745,0
6746,0
6747,0
6748,0
6749,4
6750,0
6751,0
6752,0
6753,0
6754,0
6755,4
6756,0
6757,0
6758,0
6759,0
6760,0
6761,0
6762,0
6763,0
6764,0
6765,159
6766,0
6767,0
6768,0
6769,0
6770,86
6771,0
6772,0
6773,0
6774,64
6775,0
6776,0
6777,0
6778,0
6779,21
6780,0
6781,0
6782,0
6783,220
6784,0
6785,0
6786,0
6787,713
6788,0
6789,0
6790,0
6791,62
6792,0
6793,27
6794,0
6795,0
6796,0
6797,0
6798,0
6799,0
6800,0
6801,0
6802,0
6803,0
6804,0
6805,24
6806,5
6807,3
6808,0
6809,0
6810,45
6811,0
6812,62
6813,0
6814,0
6815,0
6816,0
6817,0
6818,57
6819,0
6820,78
6821,0
6822,0
6823,0
6824,0
6825,0
6826,43
6827,0
6828,0
6829,0
6830,0
6831,0
6832,0
6833,0
6834,16
6835,2
6836,0
6837,0
6838,0
6839,0
6840,0
6841,0
6842,0
6843,0
6844,0
6845,0
6846,0
6847,0
6848,0
6849,382
6850,0
6851,0
6852,0
6853,0
6854,0
6855,0
6856,0
6857,0
6858,0
6859,0
6860,0
6861,0
6862,176
6863,32
6864,0
6865,0
6866,0
6867,82
6868,126
6869,0
6870,0
6871,0
6872,0
6873,13
6874,29
6875,30
6876,0
6877,0
6878,0
6879,0
6880,0
6881,0
6882,0
6883,0
