DAY,AMOUNT
1,23315
2,4183
3,92
4,0
5,1900
6,0
7,5722
8,2311
9,1615
10,0
11,0
12,0
13,17
14,2731
15,97
16,0
17,0
18,0
19,1516
20,4313
21,279
22,801
23,1719
24,0
25,0
26,909
27,4961
28,4269
29,786
30,1613
31,0
32,0
33,2203
34,1492
35,14
36,817
37,1506
38,0
39,0
40,96
41,0
42,0
43,0
44,182
45,0
46,0
47,999
48,163
49,734
50,307
51,6
52,0
53,0
54,63
55,18
56,0
57,0
58,128
59,0
60,0
61,2868
62,501
63,1824
64,0
65,0
66,0
67,0
68,0
69,3
70,128
71,0
72,0
73,0
74,0
75,0
76,0
77,1168
78,56
79,0
80,0
81,0
82,60
83,78
84,0
85,242
86,1030
87,0
88,0
89,0
90,306
91,935
92,748
93,560
94,0
95,0
96,603
97,199
98,1202
99,808
100,10
101,0
102,0
103,0
104,58
105,488
106,0
107,0
108,0
109,0
110,430
111,0
112,472
113,252
114,0
115,0
116,0
117,416
118,486
119,1298
120,370
121,1049
122,222
123,82
124,768
125,201
126,486
127,3314
128,757
129,0
130,0
131,313
132,1533
133,296
134,34
135,120
136,0
137,0
138,100
139,316
140,405
141,237
142,2160
143,156
144,0
145,862
146,2577
147,730
148,3087
149,503
150,0
151,215
152,168
153,1415
154,520
155,1032
156,850
157,342
158,0
159,602
160,1227
161,241
162,427
163,33
164,236
165,414
166,160
167,627
168,500
169,1252
170,0
171,9
172,9
173,560
174,1252
175,474
176,244
177,683
178,0
179,0
180,1038
181,209
182,139
183,1021
184,608
185,0
186,0
187,873
188,5808
189,1109
190,5548
191,326
192,0
193,0
194,5195
195,2075
196,829
197,520
198,587
199,0
200,0
201,1033
202,1474
203,88
204,3
205,0
206,50
207,334
208,555
209,1998
210,533
211,2178
212,230
213,0
214,0
215,632
216,376
217,148
218,252
219,107
220,0
221,0
222,0
223,2765
224,133
225,1051
226,61
227,0
228,0
229,23
230,1323
231,178
232,329
233,665
234,0
235,0
236,124
237,7277
238,433
239,92
240,532
241,0
242,0
243,2800
244,411
245,243
246,371
247,4587
248,0
249,0
250,332
251,559
252,231
253,1079
254,109
255,0
256,0
257,199
258,1187
259,661
260,2843
261,163
262,0
263,0
264,596
265,64
266,1971
267,954
268,499
269,0
270,0
271,79
272,3062
273,4287
274,365
275,195
276,0
277,310
278,847
279,5133
280,679
281,95
282,532
283,0
284,0
285,40
286,936
287,421
288,257
289,1214
290,0
291,0
292,2265
293,480
294,452
295,2037
296,85
297,0
298,552
299,2069
300,336
301,548
302,380
303,545
304,0
305,0
306,68
307,46
308,35
309,46
310,661
311,0
312,0
313,119
314,0
315,0
316,0
317,0
318,0
319,0
320,0
321,0
322,0
323,0
324,0
325,0
326,0
327,3337
328,226
329,1125
330,1008
331,1314
332,0
333,0
334,622
335,154
336,0
337,777
338,9
339,0
340,0
341,13425
342,2477
343,320
344,932
345,341
346,0
347,129
348,682
349,46
350,95
351,144
352,2173
353,9
354,1340
355,277
356,22
357,214
358,30
359,0
360,0
361,0
362,783
363,870
364,1523
365,370
366,241
367,0
368,0
369,899
370,2
371,14
372,319
373,13
374,0
375,0
376,2292
377,90
378,347
379,867
380,83
381,141
382,452
383,364
384,221
385,6
386,163
387,1114
388,272
389,0
390,754
391,512
392,384
393,541
394,536
395,515
396,0
397,970
398,253
399,481
400,1442
401,638
402,31
403,1272
404,30
405,1076
406,126
407,236
408,569
409,0
410,129
411,120
412,156
413,0
414,333
415,99
416,6
417,433
418,73
419,495
420,323
421,1411
422,166
423,341
424,0
425,0
426,774
427,377
428,181
429,741
430,0
431,0
432,107
433,12
434,11
435,4171
436,302
437,0
438,0
439,0
440,72
441,0
442,257
443,50
444,0
445,0
446,1105
447,833
448,538
449,110
450,500
451,0
452,0
453,1465
454,34
455,0
456,265
457,824
458,0
459,0
460,611
461,729
462,399
463,0
464,0
465,0
466,0
467,184
468,73
469,1818
470,9
471,530
472,0
473,0
474,266
475,92
476,461
477,689
478,1063
479,0
480,0
481,72
482,252
483,204
484,14
485,58
486,0
487,0
488,585
489,24
490,0
491,775
492,0
493,0
494,0
495,2215
496,275
497,9
498,2
499,1146
500,0
501,0
502,0
503,207
504,91
505,625
506,195
507,0
508,0
509,417
510,1837
511,1001
512,831
513,244
514,0
515,0
516,83
517,1082
518,918
519,1043
520,127
521,0
522,0
523,676
524,1111
525,533
526,0
527,148
528,0
529,0
530,988
531,1714
532,0
533,0
534,0
535,0
536,0
537,192
538,179
539,246
540,0
541,0
542,0
543,0
544,0
545,314
546,243
547,27
548,10
549,0
550,0
551,0
552,21
553,0
554,322
555,15
556,0
557,0
558,172
559,4
560,175
561,78
562,0
563,0
564,0
565,261
566,127
567,0
568,885
569,35
570,0
571,0
572,0
573,0
574,0
575,689
576,78
577,0
578,0
579,28
580,121
581,447
582,157
583,0
584,0
585,0
586,0
587,641
588,2
589,189
590,108
591,0
592,0
593,3
594,41
595,431
596,78
597,34
598,0
599,0
600,317
601,371
602,117
603,185
604,17
605,0
606,0
607,0
608,151
609,0
610,1912
611,0
612,0
613,0
614,0
615,0
616,0
617,881
618,0
619,0
620,0
621,17
622,1035
623,41
624,0
625,0
626,0
627,0
628,30
629,0
630,0
631,0
632,0
633,0
634,0
635,0
636,0
637,0
638,0
639,97
640,0
641,0
642,35
643,291
644,39
645,393
646,970
647,0
648,0
649,357
650,43
651,0
652,161
653,4
654,0
655,0
656,543
657,139
658,0
659,274
660,145
661,0
662,0
663,6
664,116
665,90
666,8
667,39
668,0
669,0
670,88
671,0
672,0
673,52
674,137
675,0
676,0
677,0
678,0
679,0
680,0
681,0
682,0
683,0
684,0
685,0
686,0
687,0
688,0
689,0
690,0
691,186
692,0
693,0
694,0
695,0
696,0
697,0
698,0
699,0
700,0
701,0
702,0
703,0
704,0
705,686
706,0
707,18
708,283
709,1614
710,0
711,0
712,955
713,350
714,1097
715,478
716,2508
717,0
718,0
719,14
720,148
721,261
722,0
723,12843
724,0
725,0
726,0
727,25
728,796
729,0
730,133
731,0
732,0
733,55
734,192
735,1395
736,74
737,241
738,0
739,0
740,697
741,121
742,5
743,0
744,4
745,0
746,0
747,0
748,55
749,1226
750,12
751,0
752,0
753,0
754,495
755,2
756,381
757,131
758,0
759,0
760,0
761,831
762,0
763,0
764,0
765,0
766,129
767,16
768,18
769,602
770,1764
771,37
772,55
773,101
774,17
775,64
776,148
777,0
778,147
779,0
780,0
781,11
782,0
783,77
784,0
785,67
786,0
787,0
788,0
789,1461
790,741
791,12
792,0
793,0
794,0
795,152
796,114
797,95
798,104
799,35
800,0
801,0
802,42
803,1321
804,952
805,57
806,1729
807,659
808,0
809,0
810,354
811,0
812,462
813,0
814,135
815,0
816,0
817,147
818,51
819,1198
820,34
821,1438
822,0
823,0
824,5
825,452
826,38
827,355
828,722
829,0
830,0
831,59
832,0
833,1177
834,440
835,2649
836,0
837,0
838,265
839,731
840,427
841,1287
842,4217
843,0
844,0
845,0
846,108
847,0
848,775
849,302
850,4
851,0
852,12
853,147
854,214
855,139
856,62
857,71
858,213
859,420
860,288
861,0
862,148
863,1270
864,0
865,0
866,26
867,356
868,253
869,0
870,78
871,0
872,0
873,76
874,37
875,0
876,728
877,0
878,0
879,0
880,137
881,14
882,0
883,395
884,52
885,0
886,0
887,14
888,23
889,0
890,800
891,0
892,0
893,0
894,1981
895,623
896,132
897,66
898,36
899,54
900,317
901,0
902,2
903,6
904,1069
905,4
906,0
907,0
908,82
909,0
910,0
911,0
912,0
913,0
914,0
915,423
916,7
917,0
918,3
919,0
920,0
921,0
922,16
923,0
924,0
925,132
926,480
927,0
928,0
929,1178
930,177
931,283
932,299
933,284
934,0
935,0
936,0
937,2419
938,170
939,203
940,428
941,0
942,0
943,96
944,1080
945,94
946,321
947,84
948,0
949,0
950,0
951,415
952,11
953,0
954,1446
955,0
956,0
957,259
958,3078
959,1204
960,2
961,733
962,0
963,0
964,476
965,1424
966,9265
967,3571
968,1123
969,0
970,0
971,895
972,1036
973,1233
974,400
975,142
976,76
977,788
978,431
979,143
980,2965
981,16
982,0
983,207
984,0
985,160
986,98
987,0
988,163
989,43
990,0
991,0
992,94
993,216
994,145
995,2023
996,283
997,25
998,228
999,91
1000,74
1001,186
1002,41
1003,57
1004,0
1005,77
1006,504
1007,3413
1008,738
1009,92
1010,338
1011,17
1012,0
1013,104
1014,113
1015,111
1016,162
1017,161
1018,0
1019,0
1020,310
1021,1110
1022,310
1023,246
1024,397
1025,0
1026,0
1027,406
1028,112
1029,153
1030,620
1031,392
1032,3
1033,0
1034,349
1035,950
1036,111
1037,255
1038,10078
1039,0
1040,0
1041,977
1042,3
1043,978
1044,93
1045,1366
1046,0
1047,0
1048,0
1049,0
1050,11
1051,18
1052,0
1053,0
1054,0
1055,0
1056,472
1057,125
1058,0
1059,0
1060,180
1061,0
1062,813
1063,0
1064,468
1065,30
1066,351
1067,0
1068,0
1069,552
1070,931
1071,523
1072,712
1073,450
1074,0
1075,364
1076,32
1077,79
1078,29
1079,550
1080,195
1081,0
1082,0
1083,330
1084,4
1085,68
1086,20
1087,111
1088,0
1089,0
1090,168
1091,0
1092,155
1093,268
1094,313
1095,0
1096,0
1097,22
1098,427
1099,472
1100,34
1101,883
1102,0
1103,0
1104,78
1105,818
1106,894
1107,440
1108,170
1109,18
1110,0
1111,36
1112,10
1113,142
1114,47
1115,1676
1116,0
1117,1123
1118,453
1119,384
1120,1514
1121,1419
1122,295
1123,76
1124,83
1125,135
1126,812
1127,622
1128,102
1129,28
1130,165
1131,0
1132,446
1133,231
1134,69
1135,67
1136,859
1137,149
1138,0
1139,969
1140,187
1141,12
1142,882
1143,2691
1144,12
1145,1109
1146,79
1147,147
1148,357
1149,155
1150,0
1151,0
1152,0
1153,98
1154,1358
1155,225
1156,5
1157,0
1158,0
1159,0
1160,0
1161,0
1162,100
1163,401
1164,6
1165,0
1166,0
1167,165
1168,314
1169,301
1170,416
1171,409
1172,0
1173,4
1174,16
1175,0
1176,119
1177,302
1178,598
1179,0
1180,0
1181,964
1182,77
1183,91
1184,536
1185,253
1186,0
1187,0
1188,223
1189,183
1190,124
1191,187
1192,706
1193,0
1194,47
1195,211
1196,285
1197,205
1198,135
1199,154
1200,16
1201,0
1202,30
1203,80
1204,428
1205,629
1206,529
1207,0
1208,0
1209,0
1210,538
1211,1617
1212,1049
1213,0
1214,0
1215,14
1216,512
1217,409
1218,51
1219,601
1220,142
1221,25
1222,0
1223,313
1224,242
1225,5337
1226,493
1227,623
1228,0
1229,88
1230,82
1231,432
1232,608
1233,260
1234,1089
1235,214
1236,0
1237,197
1238,307
1239,202
1240,58
1241,161
1242,0
1243,0
1244,56
1245,391
1246,663
1247,713
1248,927
1249,0
1250,0
1251,49
1252,225
1253,961
1254,59
1255,5
1256,0
1257,0
1258,236
1259,475
1260,319
1261,72
1262,838
1263,0
1264,91
1265,4
1266,0
1267,115
1268,0
1269,37
1270,4
1271,0
1272,0
1273,0
1274,0
1275,2
1276,9
1277,0
1278,0
1279,735
1280,904
1281,149
1282,230
1283,424
1284,0
1285,0
1286,430
1287,159
1288,177
1289,339
1290,344
1291,0
1292,0
1293,98
1294,192
1295,706
1296,2328
1297,948
1298,38
1299,229
1300,456
1301,608
1302,1345
1303,505
1304,861
1305,3
1306,10
1307,399
1308,787
1309,35
1310,226
1311,39
1312,0
1313,0
1314,0
1315,354
1316,454
1317,1854
1318,714
1319,0
1320,4
1321,551
1322,1194
1323,299
1324,99
1325,1583
1326,197
1327,0
1328,39
1329,787
1330,3090
1331,655
1332,401
1333,129
1334,785
1335,362
1336,1361
1337,240
1338,477
1339,210
1340,416
1341,151
1342,432
1343,212
1344,400
1345,592
1346,586
1347,20
1348,0
1349,52
1350,221
1351,45
1352,852
1353,339
1354,29
1355,74
1356,350
1357,261
1358,1026
1359,286
1360,372
1361,0
1362,665
1363,193
1364,220
1365,360
1366,232
1367,463
1368,268
1369,299
1370,840
1371,369
1372,147
1373,319
1374,213
1375,0
1376,9
1377,29
1378,518
1379,127
1380,249
1381,59
1382,337
1383,36
1384,1812
1385,547
1386,570
1387,121
1388,144
1389,31
1390,387
1391,463
1392,25
1393,40
1394,249
1395,519
1396,11
1397,14
1398,190
1399,616
1400,215
1401,19
1402,58
1403,0
1404,0
1405,0
1406,71
1407,0
1408,519
1409,861
1410,0
1411,0
1412,331
1413,0
1414,0
1415,0
1416,0
1417,0
1418,0
1419,0
1420,816
1421,2961
1422,302
1423,99
1424,22
1425,125
1426,49
1427,52
1428,446
1429,0
1430,11
1431,0
1432,134
1433,149
1434,195
1435,2404
1436,196
1437,338
1438,0
1439,247
1440,946
1441,519
1442,149
1443,232
1444,4
1445,0
1446,0
1447,195
1448,379
1449,414
1450,284
1451,634
1452,266
1453,36
1454,1468
1455,4057
1456,32698
1457,406
1458,1415
1459,0
1460,50
1461,122
1462,666
1463,87
1464,367
1465,130
1466,2
1467,40
1468,3048
1469,738
1470,964
1471,0
1472,120
1473,0
1474,81
1475,602
1476,396
1477,411
1478,124
1479,467
1480,58
1481,6
1482,227
1483,225
1484,122
1485,276
1486,32
1487,0
1488,0
1489,94
1490,103
1491,177
1492,6
1493,468
1494,0
1495,0
1496,552
1497,489
1498,748
1499,1752
1500,310
1501,169
1502,0
1503,99
1504,110
1505,1625
1506,19
1507,714
1508,0
1509,765
1510,0
1511,358
1512,135
1513,40
1514,2186
1515,0
1516,0
1517,0
1518,1072
1519,16
1520,867
1521,590
1522,0
1523,0
1524,114
1525,366
1526,314
1527,2303
1528,542
1529,0
1530,5
1531,1228
1532,514
1533,612
1534,103
1535,140
1536,0
1537,9
1538,1041
1539,892
1540,40
1541,358
1542,0
1543,0
1544,0
1545,35
1546,163
1547,125
1548,1147
1549,378
1550,0
1551,0
1552,947
1553,832
1554,281
1555,28
1556,15
1557,0
1558,39
1559,1699
1560,344
1561,281
1562,1399
1563,98
1564,0
1565,0
1566,11
1567,262
1568,453
1569,257
1570,35
1571,34
1572,88
1573,144
1574,1304
1575,114
1576,607
1577,652
1578,471
1579,0
1580,527
1581,342
1582,3190
1583,239
1584,281
1585,6
1586,0
1587,638
1588,658
1589,245
1590,513
1591,278
1592,122
1593,42
1594,5
1595,13
1596,1128
1597,0
1598,285
1599,26
1600,0
1601,157
1602,152
1603,105
1604,115
1605,102
1606,2505
1607,184
1608,705
1609,90
1610,626
1611,995
1612,445
1613,9
1614,0
1615,439
1616,1045
1617,488
1618,163
1619,280
1620,0
1621,21
1622,790
1623,528
1624,485
1625,156
1626,98
1627,0
1628,0
1629,0
1630,0
1631,0
1632,0
1633,0
1634,0
1635,0
1636,228
1637,80
1638,77
1639,318
1640,37
1641,0
1642,0
1643,145
1644,560
1645,145
1646,9
1647,140
1648,0
1649,83
1650,268
1651,685
1652,566
1653,1253
1654,220
1655,0
1656,0
1657,211
1658,83
1659,302
1660,190
1661,118
1662,204
1663,8
1664,89
1665,262
1666,66
1667,14
1668,0
1669,34
1670,0
1671,81
1672,1708
1673,0
1674,1318
1675,1261
1676,0
1677,399
1678,4561
1679,309
1680,52
1681,22
1682,69
1683,0
1684,0
1685,19
1686,106
1687,74
1688,153
1689,7
1690,0
1691,0
1692,11
1693,124
1694,37
1695,23
1696,39
1697,0
1698,3
1699,227
1700,196
1701,235
1702,197
1703,62
1704,0
1705,0
1706,2
1707,0
1708,66
1709,287
1710,186
1711,0
1712,0
1713,0
1714,0
1715,0
1716,0
1717,169
1718,0
1719,0
1720,0
1721,212
1722,350
1723,130
1724,439
1725,0
1726,0
1727,57
1728,48
1729,0
1730,34
1731,157
1732,0
1733,43
1734,4
1735,857
1736,14
1737,234
1738,495
1739,11
1740,1568
1741,308
1742,202
1743,115
1744,239
1745,16
1746,32
1747,111
1748,159
1749,203
1750,2277
1751,1905
1752,123
1753,61
1754,42
1755,51
1756,11
1757,86
1758,0
1759,0
1760,0
1761,0
1762,94
1763,32
1764,112
1765,6
1766,7
1767,0
1768,0
1769,0
1770,14
1771,354
1772,33
1773,127
1774,2
1775,0
1776,42
1777,2
1778,0
1779,0
1780,0
1781,0
1782,0
1783,33
1784,0
1785,24
1786,0
1787,32
1788,12
1789,2
1790,17
1791,2
1792,235
1793,0
1794,3
1795,0
1796,14
1797,0
1798,72
1799,6
1800,1567
1801,352
1802,23
1803,0
1804,180
1805,416
1806,419
1807,144
1808,51
1809,0
1810,1475
1811,221
1812,58
1813,48
1814,364
1815,816
1816,0
1817,0
1818,194
1819,190
1820,2244
1821,127
1822,878
1823,0
1824,3
1825,1751
1826,75
1827,296
1828,273
1829,386
1830,120
1831,138
1832,418
1833,584
1834,96
1835,951
1836,423
1837,88
1838,0
1839,563
1840,2386
1841,574
1842,152
1843,2573
1844,0
1845,6
1846,156
1847,665
1848,336
1849,365
1850,1589
1851,9
1852,62
1853,656
1854,200
1855,203
1856,958
1857,0
1858,0
1859,97
1860,845
1861,50
1862,166
1863,104
1864,109
1865,69
1866,0
1867,0
1868,510
1869,496
1870,48
1871,0
1872,2
1873,4
1874,42
1875,18
1876,360
1877,190
1878,261
1879,150
1880,308
1881,810
1882,401
1883,844
1884,469
1885,1019
1886,73
1887,0
1888,86
1889,27
1890,643
1891,135
1892,1767
1893,5
1894,14
1895,906
1896,1938
1897,451
1898,154
1899,0
1900,3
1901,9
1902,501
1903,435
1904,28
1905,28
1906,300
1907,0
1908,0
1909,220
1910,415
1911,3077
1912,173
1913,314
1914,4
1915,3
1916,18
1917,65
1918,68
1919,2
1920,30
1921,56
1922,48
1923,155
1924,2890
1925,323
1926,210
1927,630
1928,100
1929,23
1930,530
1931,159
1932,14
1933,92
1934,297
1935,55
1936,168
1937,0
1938,39
1939,92
1940,0
1941,392
1942,0
1943,0
1944,371
1945,1124
1946,25
1947,12
1948,0
1949,27
1950,0
1951,0
1952,405
1953,213
1954,20
1955,222
1956,0
1957,5
1958,0
1959,222
1960,38
1961,381
1962,169
1963,125
1964,0
1965,17
1966,21
1967,188
1968,9
1969,0
1970,7
1971,0
1972,8
1973,88
1974,129
1975,293
1976,692
1977,72
1978,0
1979,19
1980,186
1981,4
1982,0
1983,130
1984,0
1985,0
1986,502
1987,188
1988,134
1989,132
1990,190
1991,0
1992,0
1993,611
1994,523
1995,313
1996,123
1997,361
1998,123
1999,266
2000,171
2001,1478
2002,86
2003,54
2004,11
2005,15
2006,0
2007,63
2008,480
2009,216
2010,28
2011,110
2012,0
2013,327
2014,247
2015,412
2016,0
2017,9
2018,81
2019,7
2020,0
2021,17
2022,137
2023,174
2024,81
2025,31
2026,0
2027,70
2028,145
2029,148
2030,93
2031,266
2032,218
2033,36
2034,3
2035,120
2036,88
2037,44
2038,6
2039,44
2040,0
2041,0
2042,59
2043,4
2044,13
2045,30
2046,3
2047,0
2048,0
2049,0
2050,0
2051,3
2052,0
2053,2
2054,36
2055,103
2056,58
2057,37
2058,58
2059,0
2060,0
2061,0
2062,0
2063,0
2064,0
2065,17
2066,36
2067,0
2068,78
2069,0
2070,54
2071,0
2072,117
2073,83
2074,11
2075,97
2076,10
2077,2399
2078,45
2079,192
2080,24
2081,233
2082,114
2083,164
2084,535
2085,151
2086,88
2087,282
2088,539
2089,138
2090,12
2091,625
2092,149
2093,222
2094,124
2095,0
2096,111
2097,98
2098,146
2099,72
2100,0
2101,630
2102,10
2103,0
2104,0
2105,2
2106,68
2107,31
2108,38
2109,72
2110,7
2111,0
2112,13
2113,10793
2114,32
2115,1207
2116,0
2117,0
2118,0
2119,0
2120,0
2121,9
2122,0
2123,0
2124,0
2125,0
2126,197
2127,1454
2128,32
2129,20
2130,369
2131,7
2132,0
2133,17
2134,284
2135,208
2136,21
2137,0
2138,0
2139,0
2140,2
2141,0
2142,0
2143,0
2144,0
2145,0
2146,0
2147,0
2148,0
2149,0
2150,0
2151,0
2152,48
2153,0
2154,0
2155,176
2156,5
2157,197
2158,335
2159,0
2160,3
2161,95
2162,2622
2163,92
2164,3260
2165,19
2166,0
2167,0
2168,93
2169,18
2170,6
2171,142
2172,0
2173,0
2174,0
2175,17
2176,0
2177,1314
2178,190
2179,33
2180,0
2181,0
2182,9
2183,25
2184,0
2185,2934
2186,114
2187,2
2188,41
2189,309
2190,126
2191,103
2192,44
2193,2879
2194,0
2195,353
2196,202
2197,147
2198,92
2199,100
2200,0
2201,0
2202,63
2203,2615
2204,166
2205,8
2206,12
2207,86
2208,24
2209,0
2210,34
2211,71
2212,364
2213,378
2214,18
2215,0
2216,0
2217,22
2218,766
2219,0
2220,658
2221,748
2222,0
2223,139
2224,379
2225,92
2226,0
2227,0
2228,137
2229,0
2230,0
2231,69
2232,118
2233,25
2234,24
2235,0
2236,0
2237,8
2238,342
2239,74
2240,104
2241,0
2242,0
2243,0
2244,0
2245,10
2246,90
2247,235
2248,128
2249,0
2250,0
2251,0
2252,0
2253,156
2254,6
2255,8
2256,94
2257,7
2258,0
2259,0
2260,113
2261,96
2262,171
2263,2
2264,6
2265,2
2266,14
2267,146
2268,87
2269,100
2270,388
2271,255
2272,9
2273,146
2274,40
2275,16652
2276,50
2277,13970
2278,175
2279,0
2280,8
2281,2196
2282,287
2283,1285
2284,198
2285,1006
2286,3
2287,884
2288,1433
2289,206
2290,308
2291,718
2292,2
2293,526
2294,4
2295,1753
2296,1367
2297,1498
2298,1195
2299,4978
2300,408
2301,801
2302,370
2303,385
2304,136
2305,82
2306,6032
2307,241
2308,93
2309,169
2310,171
2311,271
2312,99
2313,11
2314,0
2315,115
2316,603
2317,891
2318,3497
2319,235
2320,312
2321,9
2322,80
2323,107
2324,1252
2325,409
2326,1985
2327,322
2328,778
2329,529
2330,483
2331,409
2332,426
2333,301
2334,140
2335,1492
2336,249
2337,1724
2338,235
2339,278
2340,176
2341,383
2342,56
2343,522
2344,212
2345,220
2346,124
2347,563
2348,89
2349,15
2350,174
2351,465
2352,43
2353,24
2354,1184
2355,0
2356,3
2357,138
2358,113
2359,4
2360,665
2361,308
2362,0
2363,298
2364,352
2365,96
2366,26
2367,45
2368,19
2369,0
2370,0
2371,93
2372,27
2373,15
2374,217
2375,77
2376,85
2377,285
2378,329
2379,653
2380,148
2381,145
2382,524
2383,275
2384,166
2385,434
2386,120
2387,225
2388,2094
2389,314
2390,388
2391,362
2392,464
2393,514
2394,97
2395,6
2396,678
2397,151
2398,100
2399,12
2400,1245
2401,98
2402,3451
2403,1543
2404,916
2405,91
2406,17
2407,1080
2408,118
2409,227
2410,73
2411,103
2412,0
2413,7367
2414,760
2415,269
2416,2731
2417,2153
2418,387
2419,43
2420,205
2421,568
2422,5474
2423,486
2424,1535
2425,283
2426,213
2427,256
2428,8363
2429,333
2430,690
2431,419
2432,1276
2433,2246
2434,619
2435,1290
2436,447
2437,165
2438,509
2439,41
2440,43
2441,87
2442,12869
2443,1167
2444,549
2445,132
2446,2
2447,247
2448,1110
2449,241
2450,364
2451,263
2452,1318
2453,0
2454,79
2455,1177
2456,201
2457,450
2458,24
2459,354
2460,177
2461,202
2462,682
2463,593
2464,472
2465,605
2466,3878
2467,36
2468,287
2469,1312
2470,75
2471,281
2472,560
2473,1874
2474,102
2475,200
2476,471
2477,9886
2478,377
2479,189
2480,108
2481,7
2482,0
2483,880
2484,807
2485,833
2486,47
2487,207
2488,64
2489,61
2490,2116
2491,11
2492,610
2493,588
2494,472
2495,151
2496,0
2497,1209
2498,509
2499,125
2500,252
2501,134
2502,0
2503,12
2504,318
2505,158
2506,234
2507,0
2508,0
2509,0
2510,0
2511,0
2512,0
2513,0
2514,3
2515,0
2516,0
2517,0
2518,659
2519,80
2520,272
2521,211
2522,3
2523,0
2524,0
2525,497
2526,174
2527,589
2528,321
2529,433
2530,240
2531,46
2532,666
2533,531
2534,515
2535,317
2536,126
2537,777
2538,459
2539,188
2540,1122
2541,147
2542,312
2543,267
2544,380
2545,13
2546,3555
2547,396
2548,274
2549,666
2550,43
2551,229
2552,1124
2553,1175
2554,131
2555,519
2556,319
2557,109
2558,0
2559,355
2560,274
2561,122
2562,225
2563,364
2564,8
2565,119
2566,172
2567,594
2568,1012
2569,258
2570,426
2571,605
2572,144
2573,212
2574,494
2575,163
2576,31
2577,844
2578,265
2579,23
2580,1341
2581,972
2582,80
2583,89
2584,2512
2585,435
2586,118
2587,130
2588,567
2589,446
2590,90
2591,0
2592,748
2593,76
2594,186
2595,181
2596,507
2597,680
2598,146
2599,207
2600,735
2601,52
2602,254
2603,9
2604,163
2605,11
2606,166
2607,256
2608,20
2609,3380
2610,700
2611,266
2612,187
2613,1006
2614,613
2615,1199
2616,2065
2617,2876
2618,99
2619,22
2620,227
2621,16
2622,3
2623,28
2624,64
2625,503
2626,104
2627,183
2628,359
2629,242
2630,532
2631,943
2632,159
2633,316
2634,70
2635,3
2636,10
2637,0
2638,378
2639,295
2640,4720
2641,39
2642,0
2643,224
2644,77
2645,38
2646,472
2647,337
2648,94
2649,302
2650,0
2651,36
2652,101
2653,137
2654,183
2655,56
2656,49
2657,283
2658,7
2659,160
2660,315
2661,67
2662,4
2663,0
2664,0
2665,11
2666,49
2667,373
2668,341
2669,67
2670,219
2671,25
2672,8763
2673,259
2674,508
2675,59
2676,123
2677,0
2678,193
2679,40
2680,810
2681,250
2682,87
2683,5364
2684,0
2685,0
2686,19
2687,0
2688,0
2689,4
2690,0
2691,0
2692,77
2693,16
2694,276
2695,48
2696,299
2697,238
2698,114
2699,0
2700,47
2701,70
2702,0
2703,519
2704,154
2705,0
2706,0
2707,604
2708,29
2709,33
2710,21
2711,0
2712,0
2713,19
2714,207
2715,64
2716,5
2717,463
2718,872
2719,0
2720,0
2721,298
2722,28
2723,113
2724,1786
2725,4
2726,0
2727,0
2728,583
2729,164
2730,187
2731,219
2732,94
2733,71
2734,0
2735,161
2736,325
2737,7
2738,233
2739,1153
2740,192
2741,52
2742,101
2743,15
2744,16
2745,1198
2746,190
2747,4
2748,0
2749,448
2750,859
2751,0
2752,209
2753,34
2754,0
2755,0
2756,148
2757,3502
2758,1247
2759,130
2760,64
2761,0
2762,7
2763,48
2764,299
2765,0
2766,266
2767,3
2768,14
2769,0
2770,112
2771,316
2772,12
2773,339
2774,1155
2775,109
2776,167
2777,118
2778,156
2779,1268
2780,431
2781,256
2782,2
2783,0
2784,1847
2785,393
2786,270
2787,379
2788,204
2789,0
2790,258
2791,1063
2792,1565
2793,56
2794,144
2795,504
2796,0
2797,0
2798,729
2799,790
2800,335
2801,379
2802,129
2803,733
2804,203
2805,27
2806,170
2807,2430
2808,39
2809,0
2810,2
2811,0
2812,63
2813,521
2814,382
2815,1502
2816,44
2817,16
2818,0
2819,549
2820,1316
2821,3
2822,302
2823,107
2824,0
2825,0
2826,2785
2827,71
2828,256
2829,442
2830,183
2831,1041
2832,42
2833,27
2834,55
2835,4102
2836,641
2837,272
2838,14
2839,7
2840,39
2841,204
2842,285
2843,172
2844,615
2845,348
2846,163
2847,76
2848,506
2849,125
2850,1286
2851,446
2852,914
2853,554
2854,265
2855,403
2856,139
2857,2071
2858,0
2859,133
2860,7392
2861,44
2862,184
2863,90
2864,240
2865,112
2866,100
2867,55
2868,672
2869,117531
2870,69
2871,123
2872,0
2873,0
2874,0
2875,0
2876,261
2877,83
2878,269
2879,2778
2880,453
2881,61
2882,190
2883,1624
2884,105
2885,780
2886,1425
2887,130
2888,537
2889,592
2890,31
2891,2308
2892,130
2893,0
2894,0
2895,151
2896,1021
2897,65852
2898,262
2899,1932
2900,787
2901,121
2902,272
2903,2468
2904,627
2905,894
2906,1293
2907,535
2908,3113
2909,529
2910,197
2911,321
2912,643
2913,436
2914,507
2915,159
2916,229
2917,298
2918,318
2919,1121
2920,963
2921,199
2922,153
2923,43
2924,336
2925,158
2926,36
2927,9
2928,17
2929,23
2930,1918
2931,567
2932,149
2933,535
2934,75
2935,30
2936,0
2937,0
2938,158
2939,58
2940,173
2941,116
2942,213
2943,24
2944,104
2945,285
2946,270
2947,60
2948,178
2949,702
2950,276
2951,0
2952,203
2953,667
2954,282
2955,164
2956,681
2957,353
2958,349
2959,687
2960,58558
2961,293
2962,395
2963,178
2964,233
2965,87
2966,523
2967,331
2968,243
2969,468
2970,762
2971,5
2972,0
2973,2116
2974,559
2975,447
2976,668
2977,564
2978,0
2979,101
2980,724
2981,209
2982,3810
2983,1632
2984,365
2985,0
2986,46
2987,0
2988,1118
2989,249
2990,173
2991,14
2992,69
2993,1055
2994,0
2995,136
2996,179
2997,591
2998,790
2999,166
3000,229
3001,150
3002,67
3003,91
3004,216
3005,319
3006,130
3007,198
3008,99
3009,6
3010,8537
3011,443
3012,0
3013,53
3014,103
3015,16624
3016,330
3017,33
3018,1215
3019,62
3020,94
3021,14
3022,92
3023,0
3024,0
3025,120
3026,111
3027,0
3028,380
3029,10
3030,672
3031,71
3032,0
3033,384
3034,0
3035,0
3036,80
3037,571
3038,0
3039,0
3040,93
3041,349
3042,59
3043,138
3044,154
3045,55
3046,133
3047,16
3048,1794
3049,106
3050,371
3051,646
3052,248
3053,154
3054,282
3055,145
3056,20
3057,56
3058,21
3059,442
3060,42
3061,184
3062,21
3063,104
3064,608
3065,40
3066,300
3067,103
3068,9
3069,17
3070,16
3071,2716
3072,479
3073,712
3074,288
3075,2691
3076,1366
3077,0
3078,262
3079,606
3080,606
3081,136
3082,303
3083,138
3084,132
3085,20
3086,332
3087,218
3088,82
3089,596
3090,664
3091,0
3092,295
3093,713
3094,5045
3095,222
3096,507
3097,372
3098,64
3099,157
3100,661
3101,610
3102,65
3103,80
3104,0
3105,0
3106,4113
3107,32
3108,13086
3109,0
3110,623
3111,77
3112,72
3113,1104
3114,454
3115,932
3116,87
3117,53
3118,25
3119,26
3120,404
3121,67
3122,375
3123,90
3124,3347
3125,7
3126,0
3127,254
3128,25
3129,3002
3130,760
3131,134
3132,100
3133,0
3134,190
3135,208
3136,100
3137,70
3138,91
3139,898
3140,409
3141,551
3142,258
3143,732
3144,107
3145,1031
3146,61
3147,618
3148,230
3149,525
3150,257
3151,129
3152,201
3153,171
3154,0
3155,640
3156,425
3157,92
3158,65
3159,59
3160,0
3161,255
3162,454
3163,20
3164,34
3165,43
3166,296
3167,53
3168,183
3169,494
3170,769
3171,481
3172,88
3173,1919
3174,709
3175,8
3176,271
3177,32
3178,0
3179,25
3180,72
3181,550
3182,0
3183,79
3184,175
3185,65914
3186,202
3187,425
3188,18
3189,3
3190,545
3191,324
3192,416
3193,125
3194,286
3195,0
3196,468
3197,159
3198,978
3199,293
3200,0
3201,148
3202,902
3203,0
3204,197
3205,237
3206,440
3207,636
3208,18
3209,90
3210,687
3211,518
3212,219
3213,153
3214,1630
3215,15688
3216,20
3217,191
3218,3976
3219,140
3220,996
3221,286
3222,277
3223,81
3224,0
3225,443
3226,759
3227,65
3228,0
3229,284
3230,0
3231,279
3232,168
3233,62
3234,8
3235,81
3236,93
3237,1378
3238,292
3239,282
3240,76
3241,867
3242,6
3243,361
3244,745
3245,8
3246,460
3247,668
3248,181
3249,256
3250,1917
3251,981
3252,128
3253,12
3254,194
3255,19
3256,1874
3257,651
3258,478
3259,159
3260,1042
3261,440
3262,66
3263,400
3264,657
3265,170
3266,64
3267,425
3268,4517
3269,3229
3270,299
3271,144
3272,1094
3273,622
3274,1272
3275,327
3276,3175
3277,1665
3278,4370
3279,3778
3280,1157
3281,631
3282,509
3283,196
3284,18
3285,43
3286,138
3287,1320
3288,427
3289,1647
3290,2471
3291,147
3292,1717
3293,156
3294,639
3295,630
3296,91
3297,314
3298,1167
3299,105
3300,4930
3301,299
3302,52
3303,182
3304,1490
3305,195
3306,332
3307,111
3308,291
3309,1900
3310,780
3311,325
3312,59
3313,264
3314,36
3315,74
3316,9
3317,0
3318,197
3319,1119
3320,1904
3321,34
3322,1275
3323,651
3324,2917
3325,2647
3326,146
3327,570
3328,112
3329,24
3330,113
3331,585
3332,343
3333,165
3334,617
3335,40
3336,254
3337,210
3338,657
3339,355
3340,118
3341,2606
3342,142
3343,562
3344,77
3345,214
3346,128
3347,15711
3348,4570
3349,2887
3350,166
3351,1093
3352,2095
3353,46
3354,10
3355,175
3356,15
3357,1014
3358,6683
3359,168
3360,679
3361,1296
3362,832
3363,219
3364,3
3365,1575
3366,5817
3367,1277
3368,699
3369,1005
3370,569
3371,300
3372,369
3373,31946
3374,187
3375,590
3376,559
3377,367
3378,232
3379,164
3380,234
3381,261
3382,350
3383,2294
3384,277
3385,145
3386,181
3387,1430
3388,527
3389,355
3390,107
3391,129
3392,568
3393,194
3394,0
3395,158
3396,6
3397,1192
3398,103
3399,229
3400,0
3401,30
3402,1191
3403,222
3404,17287
3405,163
3406,173
3407,317
3408,53
3409,162
3410,3609
3411,154
3412,0
3413,224
3414,676
3415,1248
3416,1081
3417,223
3418,14
3419,31
3420,396
3421,384
3422,684
3423,454
3424,162
3425,0
3426,65
3427,591
3428,5096
3429,360
3430,201
3431,1172
3432,807
3433,11
3434,30
3435,1105
3436,70
3437,1096
3438,408
3439,304
3440,4014
3441,0
3442,3347
3443,879
3444,676
3445,1096
3446,763
3447,74
3448,20
3449,327
3450,132
3451,161
3452,195
3453,626
3454,206
3455,70
3456,234
3457,197
3458,5
3459,4539
3460,55
3461,284
3462,87
3463,2472
3464,1095
3465,1427
3466,586
3467,572
3468,244
3469,229
3470,443
3471,183
3472,392
3473,118
3474,881
3475,384
3476,99
3477,3576
3478,246
3479,157
3480,443
3481,161
3482,102
3483,11
3484,259
3485,37
3486,159
3487,131
3488,60
3489,774
3490,365
3491,4
3492,204
3493,791
3494,520
3495,742
3496,230
3497,190
3498,171
3499,288
3500,677
3501,306
3502,1561
3503,666
3504,238
3505,236
3506,1541
3507,3846
3508,3788
3509,184
3510,109
3511,58
3512,292
3513,879
3514,1627
3515,1095
3516,279
3517,261
3518,248
3519,527
3520,372
3521,426
3522,6151
3523,459
3524,77
3525,185
3526,53
3527,519
3528,138
3529,5922
3530,61
3531,58
3532,171
3533,14
3534,0
3535,9321
3536,310
3537,209
3538,0
3539,14
3540,674
3541,463
3542,192
3543,0
3544,496
3545,942
3546,95
3547,13
3548,306
3549,52
3550,67
3551,2154
3552,2651
3553,232
3554,0
3555,116
3556,555
3557,168
3558,144
3559,686
3560,0
3561,2
3562,888
3563,316
3564,125
3565,183
3566,130
3567,113
3568,5409
3569,179
3570,24
3571,22
3572,38
3573,34
3574,7420
3575,288
3576,69
3577,504
3578,130
3579,2
3580,78
3581,202
3582,114
3583,424
3584,382
3585,1165
3586,545
3587,219
3588,0
3589,73
3590,393
3591,1017
3592,177
3593,25
3594,0
3595,101
3596,69
3597,527
3598,90
3599,1590
3600,57
3601,0
3602,29
3603,155
3604,691
3605,46
3606,73
3607,249
3608,354
3609,0
3610,31
3611,0
3612,142
3613,8
3614,796
3615,38
3616,18
3617,114
3618,286
3619,2732
3620,204
3621,176
3622,26
3623,139
3624,149
3625,444
3626,381
3627,495
3628,0
3629,294
3630,213
3631,216
3632,102
3633,228
3634,156
3635,229
3636,894
3637,54
3638,69
3639,1133
3640,4752
3641,1004
3642,384
3643,520
3644,1179
3645,197
3646,794
3647,226
3648,445
3649,708
3650,152
3651,938
3652,3602
3653,857
3654,5075
3655,71
3656,49
3657,238
3658,19
3659,14
3660,546
3661,173
3662,464
3663,193
3664,0
3665,1694
3666,221
3667,612
3668,72
3669,20
3670,549
3671,122
3672,15
3673,876
3674,3622
3675,486
3676,169
3677,754
3678,1061
3679,214
3680,241
3681,1421
3682,353
3683,582
3684,62
3685,306
3686,0
3687,0
3688,39
3689,0
3690,527
3691,133
3692,1705
3693,59
3694,628
3695,334
3696,508
3697,0
3698,106
3699,687
3700,0
3701,0
3702,452
3703,696
3704,1685
3705,193
3706,54
3707,6
3708,258
3709,164
3710,207
3711,0
3712,0
3713,3
3714,0
3715,65
3716,89
3717,103
3718,185
3719,54
3720,177
3721,1253
3722,134
3723,91
3724,671
3725,45
3726,231
3727,325
3728,27
3729,0
3730,1702
3731,0
3732,0
3733,1554
3734,189
3735,0
3736,0
3737,0
3738,33
3739,85
3740,148
3741,3172
3742,398
3743,56
3744,25
3745,127
3746,167
3747,714
3748,62
3749,167
3750,449
3751,1223
3752,48
3753,582
3754,17
3755,1394
3756,43
3757,1503
3758,2712
3759,113
3760,101
3761,346
3762,6754
3763,122
3764,42
3765,712
3766,3181
3767,160
3768,98
3769,85
3770,56
3771,125
3772,0
3773,92
3774,123
3775,0
3776,125
3777,41
3778,214
3779,0
3780,298
3781,0
3782,607
3783,14
3784,202
3785,44
3786,261
3787,46
3788,90
3789,220
3790,0
3791,2
3792,141
3793,0
3794,0
3795,316
3796,0
3797,1542
3798,0
3799,2821
3800,88
3801,147
3802,88
3803,109
3804,0
3805,48
3806,0
3807,211
3808,648
3809,0
3810,0
3811,8
3812,0
3813,0
3814,53
3815,41
3816,0
3817,0
3818,487
3819,142
3820,153
3821,30
3822,167
3823,16
3824,21
3825,0
3826,0
3827,0
3828,48
3829,0
3830,1436
3831,19
3832,178
3833,28
3834,125
3835,404
3836,604
3837,1314
3838,181
3839,2652
3840,820
3841,201
3842,96
3843,711
3844,610
3845,115
3846,168
3847,254
3848,23
3849,252
3850,18
3851,137
3852,149
3853,49
3854,0
3855,0
3856,314
3857,1570
3858,1597
3859,137
3860,32
3861,0
3862,529
3863,121
3864,326
3865,177
3866,485
3867,166
3868,18
3869,112
3870,159
3871,4417
3872,123
3873,64
3874,97
3875,65
3876,228
3877,491
3878,61
3879,152
3880,578
3881,0
3882,147
3883,0
3884,0
3885,621
3886,30
3887,350
3888,0
3889,599
3890,35
3891,78
3892,314
3893,0
3894,390
3895,644
3896,65
3897,320
3898,3
3899,0
3900,105
3901,4198
3902,80
3903,34
3904,24
3905,878
3906,430
3907,33
3908,417
3909,0
3910,0
3911,105
3912,201
3913,0
3914,42
3915,106
3916,0
3917,0
3918,0
3919,76
3920,1382
3921,392
3922,606
3923,0
3924,0
3925,542
3926,1327
3927,1462
3928,458
3929,1152
3930,0
3931,122
3932,1322
3933,91
3934,556
3935,1088
3936,40
3937,248
3938,63
3939,0
3940,1251
3941,156
3942,0
3943,0
3944,0
3945,155
3946,114
3947,154
3948,124
3949,43
3950,466
3951,41
3952,37
3953,264
3954,1911
3955,218
3956,444
3957,19
3958,151
3959,152
3960,1010
3961,44
3962,121
3963,765
3964,2
3965,26
3966,49
3967,37
3968,19
3969,0
3970,479
3971,42
3972,267
3973,127
3974,859
3975,60
3976,0
3977,0
3978,183
3979,44
3980,1608
3981,76
3982,358
3983,561
3984,339
3985,16
3986,0
3987,938
3988,24
3989,1180
3990,590
3991,1279
3992,29
3993,33
3994,2
3995,278
3996,301
3997,215
3998,126
3999,453
4000,154
4001,13
4002,208
4003,445
4004,248
4005,38
4006,325
4007,97
4008,254
4009,0
4010,0
4011,530
4012,56
4013,574
4014,17
4015,1274
4016,1456
4017,353
4018,521
4019,1036
4020,5280
4021,1623
4022,4
4023,234
4024,938
4025,2904
4026,540
4027,863
4028,42
4029,0
4030,91
4031,294
4032,11
4033,197
4034,195
4035,0
4036,40
4037,6
4038,303
4039,62
4040,0
4041,396
4042,14
4043,164
4044,138
4045,2387
4046,1746
4047,1794
4048,447
4049,96
4050,0
4051,25
4052,121
4053,8
4054,13
4055,0
4056,39
4057,100
4058,104
4059,580
4060,314
4061,949
4062,17
4063,299
4064,0
4065,79
4066,38
4067,72
4068,13
4069,13
4070,0
4071,0
4072,49
4073,2
4074,0
4075,0
4076,0
4077,0
4078,0
4079,30
4080,4
4081,4
4082,0
4083,24
4084,0
4085,4
4086,21
4087,0
4088,2
4089,34
4090,26
4091,0
4092,0
4093,0
4094,11
4095,45
4096,0
4097,188
4098,0
4099,0
4100,323
4101,7
4102,115
4103,48
4104,199
4105,36
4106,20
4107,54
4108,333
4109,82
4110,0
4111,30
4112,0
4113,62
4114,97
4115,3910
4116,256
4117,141
4118,76
4119,80
4120,0
4121,112
4122,30
4123,29
4124,127
4125,10
4126,8
4127,722
4128,0
4129,35
4130,107
4131,125
4132,0
4133,0
4134,0
4135,0
4136,205
4137,96
4138,12
4139,0
4140,0
4141,0
4142,0
4143,0
4144,0
4145,6
4146,47
4147,0
4148,0
4149,0
4150,0
4151,133
4152,28
4153,18
4154,71
4155,15
4156,0
4157,3
4158,242
4159,161
4160,808
4161,16
4162,0
4163,122
4164,498
4165,242
4166,171
4167,57
4168,0
4169,0
4170,87
4171,211
4172,0
4173,503
4174,324
4175,25
4176,76
4177,59
4178,39
4179,42
4180,0
4181,3
4182,0
4183,0
4184,0
4185,89
4186,0
4187,60
4188,0
4189,0
4190,0
4191,191
4192,0
4193,41
4194,438
4195,0
4196,28
4197,0
4198,286
4199,539
4200,35
4201,0
4202,23
4203,0
4204,0
4205,0
4206,1593
4207,90
4208,9
4209,0
4210,0
4211,47
4212,7
4213,646
4214,139
4215,22
4216,0
4217,0
4218,0
4219,1123
4220,272
4221,61
4222,3
4223,309
4224,7
4225,0
4226,34
4227,238
4228,1206
4229,64
4230,78
4231,203
4232,0
4233,4
4234,0
4235,691
4236,37
4237,0
4238,0
4239,0
4240,712
4241,145
4242,4
4243,19
4244,0
4245,0
4246,2
4247,76
4248,74
4249,68
4250,55
4251,0
4252,11
4253,146
4254,323
4255,265
4256,69
4257,54
4258,257
4259,0
4260,13
4261,73
4262,0
4263,81
4264,26
4265,0
4266,0
4267,0
4268,1157
4269,0
4270,47
4271,90
4272,27
4273,0
4274,60
4275,720
4276,200
4277,44
4278,61
4279,0
4280,0
4281,40
4282,579
4283,1734
4284,820
4285,315
4286,517
4287,9
4288,370
4289,129
4290,248
4291,46
4292,107
4293,256
4294,2
4295,0
4296,0
4297,56
4298,0
4299,0
4300,11
4301,21
4302,49
4303,2
4304,124
4305,177
4306,68
4307,157
4308,0
4309,1326
4310,148
4311,45
4312,133
4313,53
4314,927
4315,72
4316,127
4317,0
4318,0
4319,0
4320,41
4321,656
4322,56
4323,290
4324,49
4325,14
4326,0
4327,58
4328,0
4329,0
4330,0
4331,0
4332,0
4333,0
4334,0
4335,0
4336,0
4337,0
4338,1529
4339,2
4340,0
4341,0
4342,0
4343,0
4344,10
4345,2
4346,0
4347,4
4348,37
4349,24
4350,76
4351,0
4352,74
4353,0
4354,0
4355,7
4356,634
4357,0
4358,21
4359,0
4360,160
4361,0
4362,288
4363,0
4364,0
4365,0
4366,0
4367,32
4368,27
4369,31
4370,11
4371,52
4372,0
4373,0
4374,917
4375,86
4376,17
4377,223
4378,810
4379,66
4380,233
4381,104
4382,0
4383,87
4384,133
4385,13
4386,0
4387,49
4388,429
4389,124
4390,381
4391,188
4392,65
4393,110
4394,0
4395,27
4396,80
4397,4
4398,2
4399,15
4400,0
4401,952
4402,170
4403,0
4404,23
4405,0
4406,0
4407,0
4408,0
4409,14
4410,5059
4411,13
4412,76
4413,306
4414,0
4415,0
4416,14
4417,47
4418,7
4419,0
4420,0
4421,0
4422,0
4423,145
4424,394
4425,251
4426,7
4427,0
4428,0
4429,0
4430,83
4431,401
4432,108
4433,36
4434,59
4435,0
4436,1034
4437,6
4438,301
4439,2
4440,76
4441,0
4442,0
4443,0
4444,0
4445,24
4446,450
4447,749
4448,0
4449,0
4450,0
4451,305
4452,236
4453,187
4454,2
4455,1618
4456,0
4457,5
4458,2
4459,3
4460,29
4461,220
4462,0
4463,7025
4464,0
4465,64
4466,243
4467,0
4468,6
4469,0
4470,0
4471,92
4472,0
4473,0
4474,0
4475,160
4476,12
4477,105
4478,147
4479,0
4480,66
4481,23
4482,1250
4483,0
4484,0
4485,170
4486,274
4487,79
4488,192
4489,26
4490,1129
4491,0
4492,0
4493,365
4494,0
4495,70
4496,5
4497,0
4498,12
4499,0
4500,22
4501,29
4502,0
4503,20
4504,0
4505,12
4506,0
4507,358
4508,408
4509,129
4510,423
4511,6
4512,116
4513,1367
4514,209
4515,75
4516,261
4517,167
4518,55
4519,78
4520,172
4521,71
4522,3480
4523,15
4524,350
4525,3
4526,0
4527,46
4528,480
4529,217
4530,146
4531,231
4532,0
4533,32
4534,35
4535,65
4536,166
4537,160
4538,16
4539,0
4540,83
4541,59
4542,2
4543,336
4544,909
4545,362
4546,0
4547,0
4548,80
4549,447
4550,37
4551,363
4552,18
4553,0
4554,6
4555,0
4556,14
4557,2
4558,5
4559,2
4560,166
4561,0
4562,0
4563,235
4564,0
4565,8
4566,19
4567,0
4568,0
4569,138
4570,74
4571,42
4572,59
4573,2
4574,0
4575,168
4576,119
4577,0
4578,0
4579,544
4580,452
4581,13
4582,0
4583,30
4584,2
4585,765
4586,38
4587,11
4588,0
4589,0
4590,0
4591,445
4592,98
4593,51
4594,0
4595,30
4596,0
4597,11
4598,11
4599,36
4600,1558
4601,97
4602,38
4603,128
4604,209
4605,509
4606,226
4607,38
4608,41
4609,0
4610,0
4611,86
4612,8
4613,183
4614,0
4615,0
4616,76
4617,0
4618,0
4619,21
4620,20
4621,252
4622,89
4623,65
4624,0
4625,17
4626,0
4627,0
4628,2
4629,0
4630,0
4631,0
4632,0
4633,971
4634,199
4635,13
4636,0
4637,0
4638,160
4639,92
4640,1454
4641,12
4642,272
4643,14
4644,104
4645,0
4646,89
4647,0
4648,26
4649,45
4650,362
4651,3
4652,0
4653,0
4654,1217
4655,0
4656,577
4657,447
4658,0
4659,0
4660,0
4661,14
4662,4
4663,7
4664,23
4665,0
4666,13
4667,71
4668,441
4669,110
4670,116
4671,345
4672,0
4673,0
4674,3
4675,0
4676,0
4677,0
4678,0
4679,17
4680,32
4681,0
4682,0
4683,0
4684,28
4685,15
4686,11
4687,86
4688,0
4689,1893
4690,650
4691,0
4692,389
4693,0
4694,0
4695,0
4696,1321
4697,0
4698,0
4699,0
4700,0
4701,0
4702,0
4703,0
4704,0
4705,10
4706,0
4707,0
4708,20
4709,272
4710,0
4711,0
4712,0
4713,96
4714,0
4715,0
4716,0
4717,121
4718,106
4719,84
4720,0
4721,6
4722,13
4723,0
4724,36
4725,177
4726,10
4727,0
4728,439
4729,53
4730,711
4731,0
4732,49
4733,75
4734,526
4735,0
4736,227
4737,173
4738,25
4739,719
4740,40
4741,25
4742,411
4743,111
4744,27
4745,378
4746,190
4747,40
4748,3
4749,339
4750,69
4751,89
4752,292
4753,2323
4754,203
4755,3
4756,3
4757,0
4758,71
4759,50
4760,25
4761,0
4762,221
4763,0
4764,0
4765,0
4766,158
4767,102
4768,31
4769,48
4770,0
4771,0
4772,236
4773,0
4774,70
4775,0
4776,46
4777,0
4778,10
4779,59
4780,11
4781,140
4782,23
4783,513
4784,0
4785,4
4786,570
4787,453
4788,302
4789,0
4790,30
4791,517
4792,1492
4793,3
4794,142
4795,455
4796,187
4797,47
4798,0
4799,100
4800,143
4801,0
4802,43
4803,123
4804,0
4805,0
4806,0
4807,0
4808,235
4809,66
4810,2
4811,25
4812,0
4813,0
4814,0
4815,18
4816,743
4817,82
4818,1417
4819,157
4820,0
4821,42
4822,0
4823,34
4824,209
4825,0
4826,0
4827,0
4828,649
4829,579
4830,28
4831,32
4832,140
4833,0
4834,0
4835,0
4836,0
4837,107
4838,3
4839,318
4840,98
4841,0
4842,158
4843,521
4844,492
4845,905
4846,2207
4847,312
4848,0
4849,595
4850,783
4851,196
4852,717
4853,576
4854,580
4855,261
4856,0
4857,17
4858,350
4859,108
4860,265
4861,0
4862,4
4863,222
4864,48
4865,0
4866,0
4867,2
4868,0
4869,0
4870,0
4871,382
4872,0
4873,32
4874,19
4875,0
4876,0
4877,22
4878,5
4879,0
4880,12
4881,0
4882,0
4883,0
4884,3653
4885,477
4886,5
4887,2
4888,0
4889,0
4890,0
4891,25
4892,0
4893,273
4894,317
4895,212
4896,41
4897,0
4898,0
4899,24
4900,54
4901,68
4902,500
4903,14
4904,0
4905,161
4906,67
4907,136
4908,201
4909,348
4910,0
4911,0
4912,12
4913,0
4914,2
4915,0
4916,4
4917,17
4918,0
4919,9
4920,86
4921,2
4922,0
4923,0
4924,0
4925,0
4926,164
4927,0
4928,130
4929,3452
4930,265
4931,646
4932,0
4933,824
4934,0
4935,0
4936,59
4937,59
4938,0
4939,54
4940,0
4941,43
4942,409
4943,0
4944,5
4945,0
4946,0
4947,3583
4948,57
4949,43
4950,284
4951,196
4952,46
4953,0
4954,33
4955,28
4956,15
4957,0
4958,0
4959,5
4960,17
4961,17
4962,0
4963,28
4964,100
4965,9
4966,0
4967,0
4968,88
4969,16
4970,26
4971,11
4972,2446
4973,0
4974,0
4975,27
4976,433
4977,264
4978,122
4979,161
4980,365
4981,54
4982,111
4983,12
4984,0
4985,0
4986,119
4987,21
4988,13
4989,14
4990,0
4991,76
4992,31
4993,15
4994,14
4995,0
4996,0
4997,0
4998,95
4999,74
5000,39
5001,0
5002,0
5003,188
5004,58
5005,11
5006,153
5007,360
5008,0
5009,0
5010,0
5011,19
5012,145
5013,18
5014,16
5015,4
5016,0
5017,4
5018,248
5019,152
5020,23
5021,114
5022,0
5023,87
5024,0
5025,2
5026,84
5027,74
5028,270
5029,0
5030,0
5031,45
5032,10
5033,17
5034,177
5035,786
5036,0
5037,0
5038,589
5039,261
5040,10
5041,269
5042,234
5043,0
5044,3
5045,201
5046,494
5047,26
5048,7
5049,7
5050,0
5051,325
5052,327
5053,0
5054,294
5055,39
5056,15
5057,4
5058,4
5059,58
5060,914
5061,87
5062,139
5063,0
5064,0
5065,0
5066,0
5067,0
5068,102
5069,0
5070,22
5071,71
5072,0
5073,0
5074,0
5075,0
5076,80
5077,0
5078,0
5079,82
5080,0
5081,599
5082,40
5083,102
5084,369
5085,0
5086,0
5087,205
5088,61
5089,127
5090,29
5091,0
5092,0
5093,24
5094,557
5095,30
5096,245
5097,0
5098,1282
5099,1248
5100,141
5101,54
5102,109
5103,55
5104,8
5105,197
5106,0
5107,0
5108,4
5109,47
5110,137
5111,56
5112,85
5113,0
5114,0
5115,122
5116,35
5117,83
5118,82
5119,123
5120,44
5121,152
5122,58
5123,166
5124,635
5125,28
5126,224
5127,90
5128,7
5129,223
5130,268
5131,26
5132,116
5133,197
5134,64
5135,0
5136,0
5137,0
5138,318
5139,224
5140,263
5141,30
5142,796
5143,13
5144,321
5145,225
5146,130
5147,49
5148,0
5149,211
5150,71
5151,16
5152,604
5153,0
5154,935
5155,7
5156,167
5157,1046
5158,158
5159,94
5160,364
5161,930
5162,0
5163,0
5164,174
5165,1179
5166,171
5167,124
5168,436
5169,49
5170,0
5171,155
5172,24
5173,298
5174,597
5175,95
5176,0
5177,0
5178,7
5179,107
5180,50
5181,11
5182,274
5183,60
5184,0
5185,1237
5186,7
5187,347
5188,12
5189,8
5190,0
5191,0
5192,9
5193,15
5194,159
5195,779
5196,406
5197,316
5198,0
5199,2206
5200,30
5201,19
5202,44
5203,0
5204,60
5205,0
5206,826
5207,23
5208,39
5209,11
5210,781
5211,0
5212,237
5213,3
5214,368
5215,325
5216,0
5217,0
5218,0
5219,0
5220,0
5221,120
5222,33
5223,0
5224,16
5225,0
5226,130
5227,32
5228,75
5229,1018
5230,5
5231,50
5232,5
5233,232
5234,3
5235,12
5236,690
5237,648
5238,65
5239,0
5240,0
5241,9
5242,398
5243,14
5244,5493
5245,0
5246,0
5247,0
5248,41
5249,121
5250,696
5251,2141
5252,159
5253,13
5254,0
5255,87
5256,571
5257,111
5258,131
5259,50
5260,173
5261,75
5262,72
5263,140
5264,0
5265,0
5266,0
5267,24
5268,0
5269,170
5270,215
5271,397
5272,602
5273,0
5274,0
5275,0
5276,31
5277,280
5278,8
5279,782
5280,326
5281,39
5282,137
5283,192
5284,0
5285,0
5286,43
5287,107
5288,0
5289,109
5290,115
5291,114
5292,394
5293,162
5294,1400
5295,0
5296,0
5297,2008
5298,517
5299,0
5300,8231
5301,403
5302,38
5303,0
5304,0
5305,0
5306,40
5307,0
5308,0
5309,0
5310,0
5311,30
5312,780
5313,131
5314,2382
5315,97
5316,0
5317,4
5318,0
5319,97
5320,0
5321,49
5322,39
5323,0
5324,0
5325,174
5326,2145
5327,244
5328,190
5329,236
5330,0
5331,0
5332,0
5333,533
5334,217
5335,236
5336,290
5337,0
5338,14
5339,136
5340,675
5341,1255
5342,826
5343,745
5344,77
5345,0
5346,62
5347,159
5348,190
5349,2
5350,370
5351,27
5352,0
5353,180
5354,14
5355,0
5356,0
5357,328
5358,0
5359,105
5360,234
5361,81
5362,58
5363,195
5364,20
5365,2
5366,0
5367,19
5368,1178
5369,0
5370,16758
5371,18
5372,17
5373,20
5374,1003
5375,2066
5376,113
5377,2
5378,29
5379,0
5380,38
5381,73
5382,79
5383,2
5384,118
5385,2
5386,0
5387,0
5388,72
5389,0
5390,126
5391,179
5392,145
5393,11
5394,233
5395,791
5396,0
5397,933
5398,15
5399,152
5400,45
5401,8
5402,21
5403,459
5404,263
5405,791
5406,592
5407,7
5408,0
5409,277
5410,97
5411,87
5412,1281
5413,47
5414,139
5415,0
5416,0
5417,0
5418,43
5419,0
5420,46
5421,0
5422,10
5423,0
5424,4
5425,0
5426,0
5427,365
5428,210
5429,0
5430,0
5431,0
5432,0
5433,0
5434,0
5435,0
5436,38
5437,0
5438,0
5439,70
5440,68
5441,1220
5442,55
5443,0
5444,231
5445,2213
5446,728
5447,52
5448,274
5449,123
5450,0
5451,134
5452,74
5453,3067
5454,537
5455,769
5456,84
5457,0
5458,83
5459,46
5460,2
5461,240
5462,2
5463,0
5464,20
5465,88
5466,160
5467,421
5468,816
5469,339
5470,326
5471,2467
5472,1350
5473,531
5474,2
5475,68
5476,767
5477,0
5478,16
5479,1235
5480,20
5481,0
5482,1611
5483,150
5484,0
5485,55
5486,373
5487,253
5488,1454
5489,395
5490,290
5491,883
5492,0
5493,132
5494,514
5495,85
5496,61
5497,132
5498,50
5499,234
5500,87
5501,1186
5502,1620
5503,182
5504,228
5505,3
5506,0
5507,1092
5508,528
5509,15
5510,119
5511,77
5512,18
5513,256
5514,6
5515,13
5516,69
5517,930
5518,33
5519,2
5520,0
5521,8
5522,151
5523,69
5524,672
5525,0
5526,0
5527,0
5528,0
5529,4
5530,0
5531,122
5532,2069
5533,0
5534,0
5535,255
5536,21
5537,176
5538,119
5539,2
5540,0
5541,88
5542,95
5543,37
5544,140
5545,0
5546,53
5547,69
5548,0
5549,110
5550,117
5551,4140
5552,48
5553,353
5554,16
5555,97
5556,182
5557,0
5558,448
5559,254
5560,204
5561,12
5562,0
5563,4
5564,3620
5565,2356
5566,222
5567,730
5568,78
5569,732
5570,8669
5571,70
5572,297
5573,41
5574,2
5575,0
5576,87
5577,279
5578,573
5579,73
5580,756
5581,118
5582,22
5583,0
5584,453
5585,1472
5586,1881
5587,488
5588,252
5589,471
5590,298
5591,150
5592,326
5593,727
5594,289
5595,1918
5596,25
5597,12
5598,77
5599,441
5600,174
5601,295
5602,422
5603,0
5604,0
5605,250
5606,193
5607,250
5608,679
5609,267
5610,170
5611,13
5612,569
5613,326
5614,383
5615,58
5616,524
5617,0
5618,2
5619,372
5620,340
5621,330
5622,31
5623,13
5624,123
5625,0
5626,102
5627,2235
5628,130
5629,180
5630,26
5631,2291
5632,15
5633,75
5634,641
5635,237
5636,132
5637,144
5638,21
5639,6
5640,0
5641,651
5642,39
5643,143
5644,1039
5645,63
5646,0
5647,37
5648,3
5649,59
5650,22
5651,48
5652,12
5653,498
5654,799
5655,446
5656,436
5657,1488
5658,1077
5659,145
5660,82
5661,371
5662,147
5663,2379
5664,1037
5665,0
5666,249
5667,24
5668,306
5669,596
5670,489
5671,145
5672,6
5673,19
5674,0
5675,28
5676,87
5677,129
5678,71
5679,50
5680,15
5681,0
5682,1218
5683,92
5684,813
5685,19
5686,78
5687,0
5688,2
5689,84
5690,114
5691,53
5692,21
5693,2048
5694,26
5695,6
5696,711
5697,376
5698,261
5699,190
5700,111
5701,360
5702,159
5703,503
5704,372
5705,244
5706,263
5707,195
5708,119
5709,0
5710,123
5711,458
5712,140
5713,205
5714,28549
5715,17
5716,20
5717,179
5718,485
5719,41
5720,2844
5721,90
5722,37
5723,0
5724,3489
5725,1030
5726,226
5727,207
5728,156
5729,14
5730,0
5731,184
5732,449
5733,322
5734,22
5735,38
5736,26
5737,0
5738,43
5739,448
5740,1420
5741,132
5742,557
5743,0
5744,23
5745,0
5746,77
5747,67
5748,21
5749,38
5750,214
5751,132
5752,276
5753,33
5754,195
5755,17
5756,35
5757,12
5758,529
5759,241
5760,183
5761,341
5762,1291
5763,0
5764,0
5765,0
5766,199
5767,83
5768,0
5769,0
5770,254
5771,7
5772,111
5773,273
5774,44
5775,2103
5776,36
5777,106
5778,18
5779,228
5780,114
5781,353
5782,731
5783,160
5784,183
5785,1644
5786,440
5787,231
5788,187
5789,235
5790,398
5791,204
5792,0
5793,7
5794,71
5795,60
5796,11
5797,7
5798,417
5799,0
5800,0
5801,0
5802,91
5803,92
5804,10
5805,5
5806,0
5807,47
5808,10
5809,80
5810,293
5811,111
5812,176
5813,123
5814,302
5815,286
5816,178
5817,12
5818,840
5819,278
5820,0
5821,4
5822,186
5823,102
5824,263
5825,408
5826,633
5827,9
5828,22
5829,287
5830,19
5831,9
5832,151
5833,2135
5834,255
5835,13
5836,364
5837,283
5838,561
5839,354
5840,48
5841,95
5842,222
5843,52
5844,379
5845,58
5846,627
5847,67
5848,4
5849,13
5850,72
5851,106
5852,1409
5853,16
5854,114
5855,76
5856,11
5857,1158
5858,33
5859,386
5860,657
5861,85
5862,0
5863,28
5864,23
5865,30
5866,538
5867,190
5868,231
5869,172
5870,111
5871,1412
5872,450
5873,179
5874,128
5875,340
5876,11
5877,0
5878,979
5879,245
5880,287
5881,515
5882,180
5883,849
5884,33
5885,27
5886,381
5887,17026
5888,102
5889,217
5890,4
5891,148
5892,33
5893,595
5894,348
5895,46
5896,0
5897,17
5898,10
5899,113
5900,51
5901,61
5902,16
5903,1357
5904,0
5905,22
5906,25
5907,116
5908,500
5909,268
5910,0
5911,0
5912,0
5913,0
5914,288
5915,3214
5916,4
5917,49
5918,132
5919,0
5920,13
5921,25
5922,70
5923,5
5924,39
5925,0
5926,0
5927,410
5928,242
5929,164
5930,136
5931,0
5932,4
5933,0
5934,155
5935,25
5936,7
5937,9
5938,38
5939,60
5940,59
5941,0
5942,29
5943,604
5944,331
5945,34
5946,7
5947,129
5948,70
5949,245
5950,99
5951,0
5952,14
5953,0
5954,13
5955,85
5956,131
5957,0
5958,212
5959,5
5960,0
5961,222
5962,0
5963,0
5964,6
5965,48
5966,60
5967,17
5968,99
5969,4
5970,53
5971,89
5972,281
5973,0
5974,4
5975,0
5976,912
5977,106
5978,372
5979,36
5980,44
5981,278
5982,14
5983,14
5984,123
5985,175
5986,98
5987,0
5988,0
5989,0
5990,142
5991,22
5992,24
5993,380
5994,210
5995,71
5996,181
5997,255
5998,112
5999,73
6000,15
6001,232
6002,0
6003,0
6004,356
6005,260
6006,5
6007,28
6008,390
6009,2
6010,139
6011,0
6012,87
6013,233
6014,29
6015,33
6016,3
6017,5
6018,15
6019,191
6020,167
6021,165
6022,84
6023,0
6024,0
6025,26
6026,0
6027,0
6028,233
6029,591
6030,160
6031,35
6032,328
6033,10
6034,242
6035,567
6036,471
6037,0
6038,0
6039,42
6040,5
6041,256
6042,61
6043,5
6044,117
6045,52
6046,117
6047,494
6048,152
6049,0
6050,21
6051,17
6052,106
6053,27
6054,11
6055,218
6056,673
6057,26
6058,0
6059,14
6060,34
6061,55
6062,41
6063,58
6064,0
6065,0
6066,0
6067,527
6068,0
6069,146
6070,45
6071,0
6072,0
6073,0
6074,45
6075,36
6076,72
6077,289
6078,70
6079,0
6080,0
6081,9
6082,70
6083,0
6084,232
6085,352
6086,0
6087,0
6088,32
6089,253
6090,50
6091,74
6092,0
6093,42
6094,0
6095,982
6096,637
6097,95
6098,58
6099,27
6100,35
6101,26
6102,0
6103,84
6104,36
6105,292
6106,57
6107,0
6108,9
6109,0
6110,44
6111,18
6112,8
6113,10
6114,10
6115,0
6116,0
6117,632
6118,0
6119,0
6120,34
6121,187
6122,32
6123,0
6124,198
6125,19
6126,2
6127,0
6128,138
6129,0
6130,6
6131,182
6132,235
6133,70
6134,0
6135,48
6136,0
6137,98
6138,10
6139,83
6140,88
6141,1399
6142,0
6143,105
6144,469
6145,427
6146,70
6147,309
6148,0
6149,34
6150,53
6151,62
6152,229
6153,0
6154,23
6155,0
6156,0
6157,445
6158,0
6159,9
6160,0
6161,68
6162,0
6163,0
6164,0
6165,0
6166,0
6167,31
6168,124
6169,56
6170,0
6171,39
6172,0
6173,12
6174,38
6175,0
6176,117
6177,0
6178,87
6179,39
6180,57
6181,23
6182,13
6183,281
6184,82
6185,20
6186,73
6187,151
6188,12
6189,37
6190,377
6191,0
6192,0
6193,16
6194,345
6195,0
6196,112
6197,135
6198,102
6199,57
6200,1132
6201,278
6202,268
6203,1430
6204,50
6205,301
6206,0
6207,4
6208,8
6209,125
6210,1252
6211,52
6212,39
6213,0
6214,786
6215,125
6216,49
6217,92
6218,61
6219,207
6220,87
6221,456
6222,436
6223,189
6224,47
6225,27
6226,112
6227,63
6228,754
6229,77
6230,73
6231,2357
6232,85
6233,149
6234,56
6235,4574
6236,0
6237,0
6238,17
6239,131
6240,0
6241,649
6242,41
6243,0
6244,122
6245,37
6246,152
6247,0
6248,0
6249,72
6250,103
6251,561
6252,172
6253,5
6254,86
6255,84
6256,200
6257,6
6258,5
6259,0
6260,37
6261,3
6262,35
6263,189
6264,390
6265,25
6266,225
6267,66
6268,0
6269,384
6270,264
6271,15
6272,691
6273,695
6274,58
6275,91
6276,39
6277,78
6278,334
6279,178
6280,144
6281,560
6282,47
6283,27
6284,90
6285,50
6286,199
6287,187
6288,104
6289,894
6290,28
6291,341
6292,497
6293,461
6294,205
6295,512
6296,148
6297,183
6298,30
6299,0
6300,146
6301,35
6302,21
6303,0
6304,0
6305,367
6306,22
6307,121
6308,47
6309,2
6310,189
6311,10
6312,18
6313,55
6314,0
6315,18
6316,41
6317,0
6318,3614
6319,55
6320,865
6321,2632
6322,16
6323,412
6324,581
6325,180
6326,54
6327,0
6328,14775
6329,25
6330,151
6331,39
6332,26
6333,217
6334,0
6335,171
6336,34
6337,98
6338,0
6339,0
6340,325
6341,179
6342,67
6343,91
6344,24858
6345,0
6346,66
6347,0
6348,166
6349,39
6350,29
6351,130
6352,0
6353,0
6354,0
6355,703
6356,25
6357,33
6358,122
6359,34
6360,0
6361,112
6362,6
6363,99
6364,20
6365,18
6366,8
6367,0
6368,0
6369,6
6370,0
6371,57
6372,13
6373,138
6374,0
6375,621
6376,51
6377,30
6378,0
6379,0
6380,0
6381,0
6382,0
6383,162
6384,0
6385,185
6386,741
6387,0
6388,49
6389,16
6390,42
6391,0
6392,25
6393,68
6394,0
6395,64
6396,33
6397,91
6398,32
6399,7
6400,34
6401,43
6402,0
6403,0
6404,5405
6405,101
6406,0
6407,53
6408,0
6409,64
6410,2
6411,0
6412,1665
6413,0
6414,82
6415,0
6416,0
6417,194
6418,65
6419,100
6420,28
6421,0
6422,0
6423,0
6424,5
6425,0
6426,37
6427,39
6428,49
6429,53
6430,74
6431,2
6432,136
6433,0
6434,119
6435,2
6436,0
6437,0
6438,89
6439,0
6440,19
6441,0
6442,403
6443,0
6444,0
6445,148
6446,0
6447,5
6448,731
6449,1618
6450,4
6451,105
6452,0
6453,358
6454,87
6455,167
6456,1777
6457,274
6458,30
6459,60
6460,20
6461,3388
6462,429
6463,691
6464,497
6465,0
6466,12
6467,18
6468,769
6469,1171
6470,0
6471,0
6472,0
6473,627
6474,223
6475,0
6476,45
6477,0
6478,0
6479,57
6480,364
6481,106
6482,109
6483,19
6484,139
6485,0
6486,0
6487,0
6488,75
6489,102
6490,50
6491,37
6492,67
6493,50
6494,290
6495,100
6496,61
6497,743
6498,146
6499,0
6500,0
6501,0
6502,83
6503,276
6504,63
6505,280
6506,0
6507,175
6508,200
6509,154
6510,1969
6511,5
6512,2
6513,89
6514,2
6515,22
6516,0
6517,87
6518,188
6519,131
6520,255
6521,23
6522,152
6523,128
6524,0
6525,22
6526,0
6527,89
6528,0
6529,0
6530,0
6531,47
6532,0
6533,0
6534,0
6535,0
6536,0
6537,31
6538,4
6539,48
6540,16
6541,39
6542,0
6543,0
6544,71
6545,245
6546,154
6547,106
6548,0
6549,9
6550,7
6551,13
6552,13
6553,12
6554,5
6555,0
6556,17
6557,52
6558,74
6559,24
6560,1754
6561,214
6562,70
6563,22
6564,40
6565,349
6566,276
6567,202
6568,191
6569,0
6570,0
6571,54
6572,54
6573,4
6574,18
6575,0
6576,0
6577,0
6578,395
6579,166
6580,469
6581,144
6582,0
6583,0
6584,0
6585,11
6586,3
6587,0
6588,155
6589,0
6590,260
6591,0
6592,229
6593,229
6594,315
6595,37
6596,24
6597,0
6598,0
6599,67
6600,38
6601,433
6602,16
6603,62
6604,0
6605,0
6606,0
6607,318
6608,178
6609,0
6610,0
6611,0
6612,0
6613,11
6614,0
6615,119
6616,23
6617,0
6618,41
6619,0
6620,36
6621,75
6622,45
6623,3
6624,2
6625,0
6626,0
6627,46
6628,0
6629,0
6630,0
6631,0
6632,0
6633,0
6634,2
6635,0
6636,27
6637,238
6638,1925
6639,1183
6640,0
6641,87
6642,413
6643,14
6644,239
6645,553
6646,0
6647,77
6648,25
6649,133
6650,104
6651,126
6652,6
6653,87
6654,0
6655,0
6656,62
6657,28
6658,113
6659,13
6660,0
6661,41
6662,2079
6663,594
6664,451
6665,1141
6666,243
6667,0
6668,0
6669,25
6670,12
6671,0
6672,29
6673,21
6674,0
6675,0
6676,0
6677,0
6678,0
6679,109
6680,0
6681,0
6682,0
6683,224
6684,60
6685,42
6686,0
6687,0
6688,0
6689,0
6690,0
6691,0
6692,0
6693,0
6694,0
